   2.0000000949949026E-003   0.0000000000000000     
   4.0000001899898052E-003   0.0000000000000000     
   6.0000002849847078E-003   0.0000000000000000     
   8.0000003799796104E-003   0.0000000000000000     
   1.0000000474974513E-002   0.0000000000000000     
   1.2000000569969416E-002   0.0000000000000000     
   1.4000000664964318E-002   0.0000000000000000     
   1.6000000759959221E-002   0.0000000000000000     
   1.8000000854954123E-002   0.0000000000000000     
   2.0000000949949026E-002   0.0000000000000000     
   2.2000001044943929E-002   0.0000000000000000     
   2.4000001139938831E-002   0.0000000000000000     
   2.6000001234933734E-002   0.0000000000000000     
   2.8000001329928637E-002   0.0000000000000000     
   3.0000001424923539E-002   0.0000000000000000     
   3.2000001519918442E-002   0.0000000000000000     
   3.4000001614913344E-002   0.0000000000000000     
   3.6000001709908247E-002   0.0000000000000000     
   3.8000001804903150E-002   0.0000000000000000     
   4.0000001899898052E-002   0.0000000000000000     
   4.2000001994892955E-002   0.0000000000000000     
   4.4000002089887857E-002   0.0000000000000000     
   4.6000002184882760E-002   0.0000000000000000     
   4.8000002279877663E-002   0.0000000000000000     
   5.0000002374872565E-002   0.0000000000000000     
   5.2000002469867468E-002   0.0000000000000000     
   5.4000002564862370E-002   0.0000000000000000     
   5.6000002659857273E-002   0.0000000000000000     
   5.8000002754852176E-002   0.0000000000000000     
   6.0000002849847078E-002   0.0000000000000000     
   6.2000002944841981E-002   0.0000000000000000     
   6.4000003039836884E-002   0.0000000000000000     
   6.6000003134831786E-002   0.0000000000000000     
   6.8000003229826689E-002   0.0000000000000000     
   7.0000003324821591E-002   0.0000000000000000     
   7.2000003419816494E-002   0.0000000000000000     
   7.4000003514811397E-002   0.0000000000000000     
   7.6000003609806299E-002   0.0000000000000000     
   7.8000003704801202E-002   0.0000000000000000     
   8.0000003799796104E-002   0.0000000000000000     
   8.2000003894791007E-002   0.0000000000000000     
   8.4000003989785910E-002   0.0000000000000000     
   8.6000004084780812E-002   0.0000000000000000     
   8.8000004179775715E-002   0.0000000000000000     
   9.0000004274770617E-002   0.0000000000000000     
   9.2000004369765520E-002   0.0000000000000000     
   9.4000004464760423E-002   0.0000000000000000     
   9.6000004559755325E-002   0.0000000000000000     
   9.8000004654750228E-002   0.0000000000000000     
  0.10000000474974513        0.0000000000000000     
  0.10200000484474003        0.0000000000000000     
  0.10400000493973494        0.0000000000000000     
  0.10600000503472984        0.0000000000000000     
  0.10800000512972474        0.0000000000000000     
  0.11000000522471964        0.0000000000000000     
  0.11200000531971455        0.0000000000000000     
  0.11400000541470945        0.0000000000000000     
  0.11600000550970435        0.0000000000000000     
  0.11800000560469925        0.0000000000000000     
  0.12000000569969416        0.0000000000000000     
  0.12200000579468906        0.0000000000000000     
  0.12400000588968396        0.0000000000000000     
  0.12600000598467886        0.0000000000000000     
  0.12800000607967377        0.0000000000000000     
  0.13000000617466867        0.0000000000000000     
  0.13200000626966357        0.0000000000000000     
  0.13400000636465847        0.0000000000000000     
  0.13600000645965338        0.0000000000000000     
  0.13800000655464828        0.0000000000000000     
  0.14000000664964318        0.0000000000000000     
  0.14200000674463809        0.0000000000000000     
  0.14400000683963299        0.0000000000000000     
  0.14600000693462789        0.0000000000000000     
  0.14800000702962279        0.0000000000000000     
  0.15000000712461770        0.0000000000000000     
  0.15200000721961260        0.0000000000000000     
  0.15400000731460750        0.0000000000000000     
  0.15600000740960240        0.0000000000000000     
  0.15800000750459731        0.0000000000000000     
  0.16000000759959221        0.0000000000000000     
  0.16200000769458711        0.0000000000000000     
  0.16400000778958201        0.0000000000000000     
  0.16600000788457692        0.0000000000000000     
  0.16800000797957182        0.0000000000000000     
  0.17000000807456672        0.0000000000000000     
  0.17200000816956162        0.0000000000000000     
  0.17400000826455653        0.0000000000000000     
  0.17600000835955143        0.0000000000000000     
  0.17800000845454633        0.0000000000000000     
  0.18000000854954123        0.0000000000000000     
  0.18200000864453614        0.0000000000000000     
  0.18400000873953104        0.0000000000000000     
  0.18600000883452594        0.0000000000000000     
  0.18800000892952085        0.0000000000000000     
  0.19000000902451575        0.0000000000000000     
  0.19200000911951065        0.0000000000000000     
  0.19400000921450555        0.0000000000000000     
  0.19600000930950046        0.0000000000000000     
  0.19800000940449536        0.0000000000000000     
  0.20000000949949026        0.0000000000000000     
  0.20200000959448516        4.2379999160766599E-006
  0.20400000968948007        8.4759998321533198E-006
  0.20600000978447497        8.4759998321533198E-006
  0.20800000987946987        2.1189999580383302E-005
  0.21000000997446477        3.8141999244689942E-005
  0.21200001006945968        6.3569998741149896E-005
  0.21400001016445458        1.0171199798583984E-004
  0.21600001025944948        1.1866399765014648E-004
  0.21800001035444438        1.1442599773406982E-004
  0.22000001044943929       -8.8997998237609857E-005
  0.22200001054443419       -1.3900639724731445E-003
  0.22400001063942909       -5.3229278945922855E-003
  0.22600001073442400       -1.5617029690742492E-002
  0.22800001082941890       -3.8570037236213682E-002
  0.23000001092441380       -8.2522334365844732E-002
  0.23200001101940870      -0.15678056889533998     
  0.23400001111440361      -0.27043101264476777     
  0.23600001120939851      -0.42677506754875183     
  0.23800001130439341      -0.62727484357833863     
  0.24000001139938831      -0.87045551676273347     
  0.24200001149438322       -1.1461586013031007     
  0.24400001158937812       -1.4412335834598542     
  0.24600001168437302       -1.7477257373905182     
  0.24800001177936792       -2.0518022313690185     
  0.25000001187436283       -2.3442496535778043     
  0.25200001196935773       -2.6205842001056672     
  0.25400001206435263       -2.8733808950996398     
  0.25600001215934753       -3.1011945805883410     
  0.25800001225434244       -3.3026394305992128     
  0.26000001234933734       -3.4772662171411515     
  0.26200001244433224       -3.6261895341920853     
  0.26400001253932714       -3.7499942257404326     
  0.26600001263432205       -3.8507696257448196     
  0.26800001272931695       -3.9329359681177141     
  0.27000001282431185       -3.9929884269285201     
  0.27200001291930676       -4.0347920581007006     
  0.27400001301430166       -4.0594275516128544     
  0.27600001310929656       -4.0666236754703524     
  0.27800001320429146       -4.0582154836368565     
  0.28000001329928637       -4.0344191141080854     
  0.28200001339428127       -3.9957727928733826     
  0.28400001348927617       -3.9427426999235151     
  0.28600001358427107       -3.8772359352207184     
  0.28800001367926598       -3.7974683008003236     
  0.29000001377426088       -3.7048001946353915     
  0.29200001386925578       -3.5988629107332231     
  0.29400001396425068       -3.4796522110939025     
  0.29600001405924559       -3.3505161156511307     
  0.29800001415424049       -3.2119674223947525     
  0.30000001424923539       -3.0626923513507842     
  0.30200001434423029       -2.9045895264816286     
  0.30400001443922520       -2.7396889497470855     
  0.30600001453422010       -2.5677363411521910     
  0.30800001462921500       -2.3926391366195681     
  0.31000001472420990       -2.2126724701833727     
  0.31200001481920481       -2.0328710857439041     
  0.31400001491419971       -1.8523322893190384     
  0.31600001500919461       -1.6736454988574982     
  0.31800001510418952       -1.4983660603284836     
  0.32000001519918442       -1.3258794637441635     
  0.32200001529417932       -1.1589488850498200     
  0.32400001538917422      -0.99767603624343870     
  0.32600001548416913      -0.84304837130546573     
  0.32800001557916403      -0.69983787814140319     
  0.33000001567415893      -0.56469229881763461     
  0.33200001576915383      -0.43871351331233976     
  0.33400001586414874      -0.32331277559757232     
  0.33600001595914364      -0.21585404972553254     
  0.33800001605413854      -0.11807491566181183     
  0.34000001614913344       -2.9335435419082640E-002
  0.34200001624412835        5.1178086986541749E-002
  0.34400001633912325       0.12439377353668213     
  0.34600001643411815       0.19020143623352051     
  0.34800001652911305       0.24919015706539155     
  0.35000001662410796       0.30420363397598266     
  0.35200001671910286       0.35343647900104525     
  0.35400001681409776       0.39762610412597654     
  0.35600001690909266       0.43630632936000824     
  0.35800001700408757       0.46971024469852446     
  0.36000001709908247       0.49994837409973142     
  0.36200001719407737       0.52587221958637242     
  0.36400001728907228       0.54817681314468381     
  0.36600001738406718       0.56794284475326540     
  0.36800001747906208       0.58285636645793915     
  0.37000001757405698       0.59695619217872620     
  0.37200001766905189       0.60572037600517270     
  0.37400001776404679       0.61249693787097936     
  0.37600001785904169       0.61571781780719759     
  0.37800001795403659       0.61646370579242704     
  0.38000001804903150       0.61458203382968901     
  0.38200001814402640       0.60867426194667817     
  0.38400001823902130       0.60010502611637118     
  0.38600001833401620       0.58819624635219570     
  0.38800001842901111       0.57346072064399722     
  0.39000001852400601       0.55547464900016785     
  0.39200001861900091       0.53469573541164395     
  0.39400001871399581       0.50919568991661068     
  0.39600001880899072       0.48301332643508910     
  0.39800001890398562       0.45040615508079529     
  0.40000001899898052       0.41713785573959350     
  0.40200001909397542       0.37904671249389649     
  0.40400001918897033       0.33842124529838563     
  0.40600001928396523       0.29411719417572024     
  0.40800001937896013       0.24690163711071014     
  0.41000001947395504       0.19777474208354950     
  0.41200001956894994       0.14280788317203522     
  0.41400001966394484        8.5438078308105472E-002
  0.41600001975893974        2.4639731512069701E-002
  0.41800001985393465       -3.6349325280189512E-002
  0.42000001994892955      -0.10093644400119782     
  0.42200002004392445      -0.16790531867504119     
  0.42400002013891935      -0.23701862130641937     
  0.42600002023391426      -0.30653029592990877     
  0.42800002032890916      -0.37905942649364471     
  0.43000002042390406      -0.45266500903606416     
  0.43200002051889896      -0.52687238756656651     
  0.43400002061389387      -0.60180870208263393     
  0.43600002070888877      -0.67698658259391786     
  0.43800002080388367      -0.75135500512123110     
  0.44000002089887857      -0.82713044362068178     
  0.44200002099387348      -0.90549106206893926     
  0.44400002108886838      -0.98014766859054570     
  0.44600002118386328       -1.0573597890615463     
  0.44800002127885818       -1.1326648095703125     
  0.45000002137385309       -1.2092327540540695     
  0.45200002146884799       -1.2812872286272048     
  0.45400002156384289       -1.3536553151941300     
  0.45600002165883780       -1.4255572217702865     
  0.45800002175383270       -1.4956918823814391     
  0.46000002184882760       -1.5634956430387497     
  0.46200002194382250       -1.6300788597202300     
  0.46400002203881741       -1.6941065624523164     
  0.46600002213381231       -1.7566848692131043     
  0.46800002222880721       -1.8177205440044404     
  0.47000002232380211       -1.8763956528425216     
  0.47200002241879702       -1.9334730357122420     
  0.47400002251379192       -1.9820998467493056     
  0.47600002260878682       -2.0311716477775574     
  0.47800002270378172       -2.0765987688779832     
  0.48000002279877663       -2.1190508140373230     
  0.48200002289377153       -2.1547474873304369     
  0.48400002298876643       -2.1883548266649244     
  0.48600002308376133       -2.2155076921272276     
  0.48800002317875624       -2.2416434376096723     
  0.49000002327375114       -2.2619561712074279     
  0.49200002336874604       -2.2751278749465942     
  0.49400002346374094       -2.2835360667800901     
  0.49600002355873585       -2.2860534387302400     
  0.49800002365373075       -2.2902109166479110     
  0.50000002374872565       -2.2879351106929779     
  0.50200002384372056       -2.2802389028453827     
  0.50400002393871546       -2.2632106191825865     
  0.50600002403371036       -2.2438514355659485     
  0.50800002412870526       -2.2200084480381013     
  0.51000002422370017       -2.1896940346384048     
  0.51200002431869507       -2.1513189453983306     
  0.51400002441368997       -2.1111638961935042     
  0.51600002450868487       -2.0652197391033171     
  0.51800002460367978       -2.0171438680553435     
  0.52000002469867468       -1.9673388930416107     
  0.52200002479366958       -1.9131136841154099     
  0.52400002488866448       -1.8583460111999512     
  0.52600002498365939       -1.8011881063318254     
  0.52800002507865429       -1.7376181075906754     
  0.53000002517364919       -1.6717638268947601     
  0.53200002526864409       -1.6071131381750108     
  0.53400002536363900       -1.5377836975479127     
  0.53600002545863390       -1.4678312709331514     
  0.53800002555362880       -1.3992689082908631     
  0.54000002564862370       -1.3299479436635970     
  0.54200002574361861       -1.2617119070148468     
  0.54400002583861351       -1.1932766843700409     
  0.54600002593360841       -1.1234174937534331     
  0.54800002602860332       -1.0553128351020813     
  0.55000002612359822      -0.98989083039760595     
  0.55200002621859312      -0.92625726165771483     
  0.55400002631358802      -0.86600985485076909     
  0.55600002640858293      -0.80574973404407502     
  0.55800002650357783      -0.74841807117938997     
  0.56000002659857273      -0.69282822628021246     
  0.56200002669356763      -0.63970065933227538     
  0.56400002678856254      -0.59297247225761418     
  0.56600002688355744      -0.54785472515106204     
  0.56800002697855234      -0.50435589401245118     
  0.57000002707354724      -0.46257769083976746     
  0.57200002716854215      -0.42442297759532926     
  0.57400002726353705      -0.39203194423675536     
  0.57600002735853195      -0.36223032882690431     
  0.57800002745352685      -0.33531902935981750     
  0.58000002754852176      -0.31145485183238986     
  0.58200002764351666      -0.28868407828330994     
  0.58400002773851156      -0.27003687865257264     
  0.58600002783350646      -0.25488179095268249     
  0.58800002792850137      -0.24154056721687317     
  0.59000002802349627      -0.23491233534812928     
  0.59200002811849117      -0.23307728138446807     
  0.59400002821348608      -0.23010644344329834     
  0.59600002830848098      -0.22913170346260070     
  0.59800002840347588      -0.23111508742332459     
  0.60000002849847078      -0.23865025127410888     
  0.60200002859346569      -0.24944443706035613     
  0.60400002868846059      -0.25825523888587953     
  0.60600002878345549      -0.26921894466876983     
  0.60800002887845039      -0.28402651637554166     
  0.61000002897344530      -0.30455114996910093     
  0.61200002906844020      -0.32409256758213045     
  0.61400002916343510      -0.34484605317115785     
  0.61600002925843000      -0.37206248863220215     
  0.61800002935342491      -0.39732520613193512     
  0.62000002944841981      -0.42243535563468931     
  0.62200002954341471      -0.45099947506904603     
  0.62400002963840961      -0.48059342848300934     
  0.62600002973340452      -0.51161558786869044     
  0.62800002982839942      -0.54654094517707830     
  0.63000002992339432      -0.57910573653221131     
  0.63200003001838923      -0.61114925389766694     
  0.63400003011338413      -0.64422684324264523     
  0.63600003020837903      -0.67728324258804318     
  0.63800003030337393      -0.70845796997070309     
  0.64000003039836884      -0.74469286925315858     
  0.64200003049336374      -0.77932580456733702     
  0.64400003058835864      -0.81151341392993925     
  0.64600003068335354      -0.84230672132015227     
  0.64800003077834845      -0.87488846467494963     
  0.65000003087334335      -0.90612676205635068     
  0.65200003096833825      -0.93553848147392271     
  0.65400003106333315      -0.96680220685482021     
  0.65600003115832806      -0.99624359227180481     
  0.65800003125332296       -1.0301518296003342     
  0.66000003134831786       -1.0584574310398103     
  0.66200003144331276       -1.0885429924440384     
  0.66400003153830767       -1.1170223518800735     
  0.66600003163330257       -1.1462179333019256     
  0.66800003172829747       -1.1736632207584381     
  0.67000003182329237       -1.1987437042617797     
  0.67200003191828728       -1.2198743718433380     
  0.67400003201328218       -1.2413313654184341     
  0.67600003210827708       -1.2634113449811935     
  0.67800003220327199       -1.2845504885625840     
  0.68000003229826689       -1.3041088581752778     
  0.68200003239326179       -1.3225356818103791     
  0.68400003248825669       -1.3395682034730911     
  0.68600003258325160       -1.3557361731529236     
  0.68800003267824650       -1.3673016749238969     
  0.69000003277324140       -1.3764133747434617     
  0.69200003286823630       -1.3860124445533752     
  0.69400003296323121       -1.3942087363910676     
  0.69600003305822611       -1.4059310441589354     
  0.69800003315322101       -1.4105843680667878     
  0.70000003324821591       -1.4096265800857544     
  0.70200003334321082       -1.4115760600471496     
  0.70400003343820572       -1.4157843939638137     
  0.70600003353320062       -1.4177635399246216     
  0.70800003362819552       -1.4144918039894103     
  0.71000003372319043       -1.4123770420312882     
  0.71200003381818533       -1.4048079741811752     
  0.71400003391318023       -1.3970948143339157     
  0.71600003400817513       -1.3874067465257645     
  0.71800003410317004       -1.3764896587419511     
  0.72000003419816494       -1.3641825069856643     
  0.72200003429315984       -1.3482772933006286     
  0.72400003438815475       -1.3320966096210480     
  0.72600003448314965       -1.3167041939258575     
  0.72800003457814455       -1.2986884562826158     
  0.73000003467313945       -1.2812914666271209     
  0.73200003476813436       -1.2654752509403229     
  0.73400003486312926       -1.2457855033302307     
  0.73600003495812416       -1.2303337556362153     
  0.73800003505311906       -1.2074316040897370     
  0.74000003514811397       -1.1901659924316406     
  0.74200003524310887       -1.1677088308763504     
  0.74400003533810377       -1.1437344653511048     
  0.74600003543309867       -1.1175817678689957     
  0.74800003552809358       -1.0902720964097976     
  0.75000003562308848       -1.0679208848524093     
  0.75200003571808338       -1.0446500273132324     
  0.75400003581307828       -1.0240914897203446     
  0.75600003590807319       -1.0009477721786499     
  0.75800003600306809      -0.97572319667816165     
  0.76000003609806299      -0.95338469912052159     
  0.76200003619305789      -0.93231760153770449     
  0.76400003628805280      -0.90955106598854063     
  0.76600003638304770      -0.88633530244827274     
  0.76800003647804260      -0.86089882695198061     
  0.77000003657303751      -0.84337045929908749     
  0.77200003666803241      -0.82420198567867275     
  0.77400003676302731      -0.80480889806270595     
  0.77600003685802221      -0.78731867240905762     
  0.77800003695301712      -0.77095999273300175     
  0.78000003704801202      -0.75579219103336337     
  0.78200003714300692      -0.73910294736385340     
  0.78400003723800182      -0.72719840559959414     
  0.78600003733299673      -0.71400127386093137     
  0.78800003742799163      -0.70574988802433014     
  0.79000003752298653      -0.69543035822868349     
  0.79200003761798143      -0.68722982839107516     
  0.79400003771297634      -0.68147462450504304     
  0.79600003780797124      -0.67788080057621003     
  0.79800003790296614      -0.67381232065677643     
  0.80000003799796104      -0.66903609475135806     
  0.80200003809295595      -0.66729851478576663     
  0.80400003818795085      -0.66354364686012268     
  0.80600003828294575      -0.66396744685173037     
  0.80800003837794065      -0.66053042891979219     
  0.81000003847293556      -0.66642124880313869     
  0.81200003856793046      -0.66943870474338529     
  0.81400003866292536      -0.67587198861598974     
  0.81600003875792027      -0.68415304045200342     
  0.81800003885291517      -0.69092960231781009     
  0.82000003894791007      -0.69864276216506960     
  0.82200003904290497      -0.70687295800209049     
  0.82400003913789988      -0.71247983189105990     
  0.82600003923289478      -0.72201109370231631     
  0.82800003932788968      -0.73594987542629242     
  0.83000003942288458      -0.74859606717586513     
  0.83200003951787949      -0.76151772891998293     
  0.83400003961287439      -0.77315951468944555     
  0.83600003970786929      -0.78773399640083308     
  0.83800003980286419      -0.80125745413303373     
  0.84000003989785910      -0.82064206574916843     
  0.84200003999285400      -0.83447065947532650     
  0.84400004008784890      -0.85110480914592745     
  0.84600004018284380      -0.86650146284103391     
  0.84800004027783871      -0.88279233451843264     
  0.85000004037283361      -0.90034613017082210     
  0.85200004046782851      -0.91853138781070709     
  0.85400004056282341      -0.93301263352394104     
  0.85600004065781832      -0.94889241920948031     
  0.85800004075281322      -0.96546299888134002     
  0.86000004084780812      -0.98257604254245756     
  0.86200004094280303      -0.99705305025577540     
  0.86400004103779793       -1.0140474299192428     
  0.86600004113279283       -1.0280667336416245     
  0.86800004122778773       -1.0501890932035447     
  0.87000004132278264       -1.0704170668029784     
  0.87200004141777754       -1.0822410865688323     
  0.87400004151277244       -1.0957814963006973     
  0.87600004160776734       -1.1128479219627381     
  0.87800004170276225       -1.1269774136829376     
  0.88000004179775715       -1.1407848174095154     
  0.88200004189275205       -1.1502016532230377     
  0.88400004198774695       -1.1643057169437407     
  0.88600004208274186       -1.1752948507261276     
  0.88800004217773676       -1.1841861745500564     
  0.89000004227273166       -1.1950566443347932     
  0.89200004236772656       -1.2033207441711427     
  0.89400004246272147       -1.2105973900270461     
  0.89600004255771637       -1.2129579559803010     
  0.89800004265271127       -1.2151023839378357     
  0.90000004274770617       -1.2199125138425828     
  0.90200004284270108       -1.2223281737947465     
  0.90400004293769598       -1.2302023776388169     
  0.90600004303269088       -1.2368390855073930     
  0.90800004312768579       -1.2360126755237579     
  0.91000004322268069       -1.2310584536218643     
  0.91200004331767559       -1.2290623556613922     
  0.91400004341267049       -1.2246675497484207     
  0.91600004350766540       -1.2225104077911377     
  0.91800004360266030       -1.2263203697156906     
  0.92000004369765520       -1.2220950837993623     
  0.92200004379265010       -1.2170772918987274     
  0.92400004388764501       -1.2029435621786118     
  0.92600004398263991       -1.1982902382707596     
  0.92800004407763481       -1.1907762644195556     
  0.93000004417262971       -1.1829656305742264     
  0.93200004426762462       -1.1762526387071610     
  0.93400004436261952       -1.1687810448551177     
  0.93600004445761442       -1.1614620190000533     
  0.93800004455260932       -1.1539904251480102     
  0.94000004464760423       -1.1430012913656236     
  0.94200004474259913       -1.1329233275651931     
  0.94400004483759403       -1.1182937518548965     
  0.94600004493258893       -1.1096228040266036     
  0.94800004502758384       -1.0990828982353211     
  0.95000004512257874       -1.0870639304733276     
  0.95200004521757364       -1.0752526247072220     
  0.95400004531256855       -1.0659120728921889     
  0.95600004540756345       -1.0531090751457215     
  0.95800004550255835       -1.0457264792919159     
  0.96000004559755325       -1.0330548595428466     
  0.96200004569254816       -1.0216843057680129     
  0.96400004578754306       -1.0103476559925080     
  0.96600004588253796       -1.0018123241615295     
  0.96800004597753286      -0.98887794841766352     
  0.97000004607252777      -0.98042313858509067     
  0.97200004616752267      -0.96458997089862819     
  0.97400004626251757      -0.95626230106353760     
  0.97600004635751247      -0.94937978919982913     
  0.97800004645250738      -0.94084445736885070     
  0.98000004654750228      -0.93385599550724030     
  0.98200004664249718      -0.92917300559997562     
  0.98400004673749208      -0.91799316182136537     
  0.98600004683248699      -0.90855513600826265     
  0.98800004692748189      -0.90179128814220433     
  0.99000004702247679      -0.89343819030761717     
  0.99200004711747169      -0.88396202249526978     
  0.99400004721246660      -0.87808391661167140     
  0.99600004730746150      -0.87157434874057771     
  0.99800004740245640      -0.86598866485118864     
   1.0000000474974513      -0.86322125090599056     
   1.0020000475924462      -0.86275083291530608     
   1.0040000476874411      -0.85941976498126982     
   1.0060000477824360      -0.85338909110069272     
   1.0080000478774309      -0.85259234711647036     
   1.0100000479724258      -0.85122771114349360     
   1.0120000480674207      -0.85108785714626312     
   1.0140000481624156      -0.85134213714122775     
   1.0160000482574105      -0.85328737910270691     
   1.0180000483524054      -0.84978679117202760     
   1.0200000484474003      -0.84761269721508026     
   1.0220000485423952      -0.84756184121608735     
   1.0240000486373901      -0.84988850317001341     
   1.0260000487323850      -0.85106666714668278     
   1.0280000488273799      -0.85078695915222169     
   1.0300000489223748      -0.85600393704891209     
   1.0320000490173697      -0.85398664908885957     
   1.0340000491123646      -0.85546571105957037     
   1.0360000492073596      -0.85059624915599819     
   1.0380000493023545      -0.85944519298076627     
   1.0400000493973494      -0.87003171677112578     
   1.0420000494923443      -0.87721936462879180     
   1.0440000495873392      -0.88582250445842747     
   1.0460000496823341      -0.89191674833774570     
   1.0480000497773290      -0.89746852822780609     
   1.0500000498723239      -0.90729645003318782     
   1.0520000499673188      -0.91233119393348694     
   1.0540000500623137      -0.91603944386005398     
   1.0560000501573086      -0.92060376976966862     
   1.0580000502523035      -0.93244050353527064     
   1.0600000503472984      -0.93894159540653233     
   1.0620000504422933      -0.94765068523406981     
   1.0640000505372882      -0.95360931311607355     
   1.0660000506322831      -0.95700395104885105     
   1.0680000507272780      -0.96076729497432711     
   1.0700000508222729      -0.96351775691986086     
   1.0720000509172678      -0.96702258285045628     
   1.0740000510122627      -0.97187509275436401     
   1.0760000511072576      -0.98144873456478121     
   1.0780000512022525      -0.98573759047985077     
   1.0800000512972474      -0.99314985233306885     
   1.0820000513922423       -1.0021979821538924     
   1.0840000514872372       -1.0049187781000137     
   1.0860000515822321       -1.0069275900602341     
   1.0880000516772270       -1.0118563839626313     
   1.0900000517722219       -1.0187092298269271     
   1.0920000518672168       -1.0251933696985245     
   1.0940000519622117       -1.0361697894811630     
   1.0960000520572066       -1.0366020654726029     
   1.0980000521522015       -1.0423826973581314     
   1.1000000522471964       -1.0431836793422700     
   1.1020000523421913       -1.0482226612424850     
   1.1040000524371862       -1.0525496591567993     
   1.1060000525321811       -1.0548847971105575     
   1.1080000526271760       -1.0558764890909196     
   1.1100000527221709       -1.0570080350685120     
   1.1120000528171659       -1.0520665271663665     
   1.1140000529121608       -1.0544440451192856     
   1.1160000530071557       -1.0514350651788711     
   1.1180000531021506       -1.0532955471420289     
   1.1200000531971455       -1.0499348132085800     
   1.1220000532921404       -1.0509307431888579     
   1.1240000533871353       -1.0525115171575545     
   1.1260000534821302       -1.0534608291387557     
   1.1280000535771251       -1.0524267571592332     
   1.1300000536721200       -1.0574657390594482     
   1.1320000537671149       -1.0531090751457215     
   1.1340000538621098       -1.0516512031745910     
   1.1360000539571047       -1.0467139332723618     
   1.1380000540520996       -1.0434082933378219     
   1.1400000541470945       -1.0437515713310241     
   1.1420000542420894       -1.0430141593456268     
   1.1440000543370843       -1.0403696473979951     
   1.1460000544320792       -1.0434210073375703     
   1.1480000545270741       -1.0415859533739089     
   1.1500000546220690       -1.0374411894559861     
   1.1520000547170639       -1.0286134356307983     
   1.1540000548120588       -1.0272615136575698     
   1.1560000549070537       -1.0202560997962951     
   1.1580000550020486       -1.0132210199356080     
   1.1600000550970435       -1.0146110839080811     
   1.1620000551920384       -1.0054951460886001     
   1.1640000552870333       -1.0003375001907349     
   1.1660000553820282      -0.99608678627490999     
   1.1680000554770231      -0.98648347846508022     
   1.1700000555720180      -0.98480523049831392     
   1.1720000556670129      -0.98158858856201170     
   1.1740000557620078      -0.97874912861824037     
   1.1760000558570027      -0.97763453464031225     
   1.1780000559519976      -0.96829822082519534     
   1.1800000560469925      -0.96522567088603972     
   1.1820000561419874      -0.96066134497642519     
   1.1840000562369823      -0.95520703908443449     
   1.1860000563319772      -0.95573678907394410     
   1.1880000564269722      -0.94970187719345089     
   1.1900000565219671      -0.94691327324867247     
   1.1920000566169620      -0.94479003529071803     
   1.1940000567119569      -0.94583258327007291     
   1.1960000568069518      -0.94262017933368680     
   1.1980000569019467      -0.94051389337539670     
   1.2000000569969416      -0.94146744335651400     
   1.2020000570919365      -0.94172172335147852     
   1.2040000571869314      -0.94580291727066035     
   1.2060000572819263      -0.94912550920486449     
   1.2080000573769212      -0.94991377718925474     
   1.2100000574719161      -0.95357540911674499     
   1.2120000575669110      -0.94844742921829228     
   1.2140000576619059      -0.94773120723247528     
   1.2160000577569008      -0.95309651512622828     
   1.2180000578518957      -0.95572831307411199     
   1.2200000579468906      -0.95024857918262484     
   1.2220000580418855      -0.95072747317314144     
   1.2240000581368804      -0.95230400914192204     
   1.2260000582318753      -0.94900684520721434     
   1.2280000583268702      -0.94940945519924169     
   1.2300000584218651      -0.94900260720729823     
   1.2320000585168600      -0.95130807916164395     
   1.2340000586118549      -0.95014686718463903     
   1.2360000587068498      -0.95256252713680267     
   1.2380000588018447      -0.95159626315593715     
   1.2400000588968396      -0.95354998111724854     
   1.2420000589918345      -0.95976288899421691     
   1.2440000590868294      -0.96468744489669800     
   1.2460000591818243      -0.96563251887798307     
   1.2480000592768192      -0.96773456683635717     
   1.2500000593718141      -0.97181576075553899     
   1.2520000594668090      -0.97282864273548131     
   1.2540000595618039      -0.98026209458827973     
   1.2560000596567988      -0.98051637458324437     
   1.2580000597517937      -0.98546635848522190     
   1.2600000598467886      -0.98989083039760595     
   1.2620000599417835      -0.99322613633155821     
   1.2640000600367785      -0.99656144226551058     
   1.2660000601317734       -1.0021513641548156     
   1.2680000602267683       -1.0083473200321198     
   1.2700000603217632       -1.0122886599540710     
   1.2720000604167581       -1.0268207616662979     
   1.2740000605117530       -1.0326946295499801     
   1.2760000606067479       -1.0326946295499801     
   1.2780000607017428       -1.0319868835639954     
   1.2800000607967377       -1.0359409374856949     
   1.2820000608917326       -1.0373564294576645     
   1.2840000609867275       -1.0343050695180893     
   1.2860000610817224       -1.0383523594379425     
   1.2880000611767173       -1.0338134615278245     
   1.2900000612717122       -1.0347627735090257     
   1.2920000613667071       -1.0314698475742341     
   1.2940000614617020       -1.0299187396049501     
   1.2960000615566969       -1.0342626895189286     
   1.2980000616516918       -1.0297704096078872     
   1.3000000617466867       -1.0350806235027312     
   1.3020000618416816       -1.0314783235740661     
   1.3040000619366765       -1.0270623276615143     
   1.3060000620316714       -1.0213113617753982     
   1.3080000621266663       -1.0232099857378005     
   1.3100000622216612       -1.0245068137121200     
   1.3120000623166561       -1.0244390057134629     
   1.3140000624116510       -1.0203281457948685     
   1.3160000625066459       -1.0137931499242783     
   1.3180000626016408       -1.0122038999557494     
   1.3200000626966357       -1.0040542261171341     
   1.3220000627916306       -1.0040966061162948     
   1.3240000628866255       -1.0112800159740447     
   1.3260000629816204       -1.0144966579103469     
   1.3280000630766153       -1.0199043458032608     
   1.3300000631716102       -1.0137761979246140     
   1.3320000632666051       -1.0042957921123505     
   1.3340000633616000       -1.0053086740922927     
   1.3360000634565949       -1.0084236040306092     
   1.3380000635515898       -1.0013249541711806     
   1.3400000636465847       -1.0025285461473465     
   1.3420000637415797      -0.99541718228816989     
   1.3440000638365746      -0.99801507623672481     
   1.3460000639315695       -1.0007867281818390     
   1.3480000640265644      -0.99766756024360659     
   1.3500000641215593      -0.99787946023941043     
   1.3520000642165542      -0.99998150819778442     
   1.3540000643115491      -0.99537904028892521     
   1.3560000644065440      -0.99006035039424900     
   1.3580000645015389      -0.98785659043788909     
   1.3600000645965338      -0.98869995242118835     
   1.3620000646915287      -0.98411443651199337     
   1.3640000647865236      -0.98161825456142426     
   1.3660000648815185      -0.98080879657745357     
   1.3680000649765134      -0.98036380658626554     
   1.3700000650715083      -0.97516801868915559     
   1.3720000651665032      -0.97234551074504849     
   1.3740000652614981      -0.97067997677803042     
   1.3760000653564930      -0.97643094266414643     
   1.3780000654514879      -0.97125634476661682     
   1.3800000655464828      -0.97081135477542879     
   1.3820000656414777      -0.96144961296081544     
   1.3840000657364726      -0.95740232304096218     
   1.3860000658314675      -0.95383392711162562     
   1.3880000659264624      -0.95820754302501676     
   1.3900000660214573      -0.95605887706756587     
   1.3920000661164522      -0.95028248318195341     
   1.3940000662114471      -0.95816092502593997     
   1.3960000663064420      -0.95871186501502992     
   1.3980000664014369      -0.96634874086380007     
   1.4000000664964318      -0.96641231086254120     
   1.4020000665914267      -0.96641654886245731     
   1.4040000666864216      -0.96895934881210322     
   1.4060000667814165      -0.97378643071651461     
   1.4080000668764114      -0.97671065065860752     
   1.4100000669714063      -0.97158267076015470     
   1.4120000670664012      -0.97381609671592717     
   1.4140000671613961      -0.97364657671928401     
   1.4160000672563910      -0.97407461471080781     
   1.4180000673513860      -0.96862454681873322     
   1.4200000674463809      -0.96470015889644622     
   1.4220000675413758      -0.95776255303382873     
   1.4240000676363707      -0.95913142700672149     
   1.4260000677313656      -0.96022906898498539     
   1.4280000678263605      -0.94603600726604464     
   1.4300000679213554      -0.95263881113529203     
   1.4320000680163503      -0.95196920714855193     
   1.4340000681113452      -0.95488918909072873     
   1.4360000682063401      -0.95362202711582189     
   1.4380000683013350      -0.95824992302417755     
   1.4400000683963299      -0.95971203299522401     
   1.4420000684913248      -0.96620041086673736     
   1.4440000685863197      -0.97190052075386046     
   1.4460000686813146      -0.97331177472591401     
   1.4480000687763095      -0.97389238071441653     
   1.4500000688713044      -0.97416361270904539     
   1.4520000689662993      -0.98144025856494899     
   1.4540000690612942      -0.97677845865726476     
   1.4560000691562891      -0.98260570854187013     
   1.4580000692512840      -0.98900085041522978     
   1.4600000693462789      -0.99068333638191219     
   1.4620000694412738      -0.99024682239055628     
   1.4640000695362687      -0.99099271037578585     
   1.4660000696312636      -0.98844991042613983     
   1.4680000697262585      -0.99342108432769771     
   1.4700000698212534      -0.99225139635086057     
   1.4720000699162483      -0.99018325239181515     
   1.4740000700112432      -0.99572655628204343     
   1.4760000701062381      -0.99637073226928707     
   1.4780000702012330      -0.98680132845878599     
   1.4800000702962279      -0.99165383836269383     
   1.4820000703912228      -0.99473062630176545     
   1.4840000704862177      -0.99790065023899077     
   1.4860000705812126      -0.99857873022556309     
   1.4880000706762075       -1.0048933501005173     
   1.4900000707712024       -1.0052408660936356     
   1.4920000708661973       -1.0111486379766463     
   1.4940000709611923       -1.0160308138799667     
   1.4960000710561872       -1.0062876520729065     
   1.4980000711511821       -1.0007867281818390     
   1.5000000712461770      -0.99606983427524565     
   1.5020000713411719      -0.99837106822967525     
   1.5040000714361668      -0.99838802022933959     
   1.5060000715311617       -1.0047195921039582     
   1.5080000716261566       -1.0060291340780259     
   1.5100000717211515       -1.0069275900602341     
   1.5120000718161464       -1.0076056700468063     
   1.5140000719111413       -1.0168826518630982     
   1.5160000720061362       -1.0126827939462661     
   1.5180000721011311       -1.0044144561100006     
   1.5200000721961260       -1.0006341601848603     
   1.5220000722911209      -0.99762518024444580     
   1.5240000723861158      -0.99239125034809117     
   1.5260000724811107      -0.98712765445232387     
   1.5280000725761056      -0.97580795667648312     
   1.5300000726711005      -0.97328210872650145     
   1.5320000727660954      -0.97387966671466830     
   1.5340000728610903      -0.96974337879657746     
   1.5360000729560852      -0.97522311268806461     
   1.5380000730510801      -0.97274388273715973     
   1.5400000731460750      -0.97792271863460545     
   1.5420000732410699      -0.96394155691146854     
   1.5440000733360648      -0.96618345886707302     
   1.5460000734310597      -0.96562404287815096     
   1.5480000735260546      -0.97223108474731446     
   1.5500000736210495      -0.96954419280052184     
   1.5520000737160444      -0.96977728279590603     
   1.5540000738110393      -0.96570032687664031     
   1.5560000739060342      -0.96458997089862819     
   1.5580000740010291      -0.96978999679565425     
   1.5600000740960240      -0.97028160478591918     
   1.5620000741910189      -0.97438398870468135     
   1.5640000742860138      -0.97452384270191195     
   1.5660000743810087      -0.97204461275100706     
   1.5680000744760036      -0.97270574073791505     
   1.5700000745709985      -0.96408988690853115     
   1.5720000746659935      -0.96169541695594785     
   1.5740000747609884      -0.96279305893421174     
   1.5760000748559833      -0.96205988494873051     
   1.5780000749509782      -0.96804817883014682     
   1.5800000750459731      -0.96941281480312347     
   1.5820000751409680      -0.96300495893001559     
   1.5840000752359629      -0.96054691897869116     
   1.5860000753309578      -0.96422550290584563     
   1.5880000754259527      -0.96921362880706785     
   1.5900000755209476      -0.97633770666599273     
   1.5920000756159425      -0.98052908858299259     
   1.5940000757109374      -0.97865165462017056     
   1.5960000758059323      -0.97442636870384214     
   1.5980000759009272      -0.97948654060363771     
   1.6000000759959221      -0.98010105059146879     
   1.6020000760909170      -0.98048247058391569     
   1.6040000761859119      -0.97907121661186214     
   1.6060000762809068      -0.99066214638233185     
   1.6080000763759017      -0.98350416452407841     
   1.6100000764708966      -0.99385759831905363     
   1.6120000765658915      -0.99578588828086856     
   1.6140000766608864      -0.99375164832115170     
   1.6160000767558813      -0.99478995830059047     
   1.6180000768508762      -0.99434073030948644     
   1.6200000769458711       -1.0027616361427307     
   1.6220000770408660      -0.99802779023647303     
   1.6240000771358609      -0.99676486626148220     
   1.6260000772308558       -1.0015071881675721     
   1.6280000773258507       -1.0069826840591432     
   1.6300000774208456       -1.0110257359790802     
   1.6320000775158405       -1.0100594719982148     
   1.6340000776108354       -1.0071394900560380     
   1.6360000777058303       -1.0105892219877244     
   1.6380000778008252       -1.0147085579061508     
   1.6400000778958201       -1.0136999139261245     
   1.6420000779908150       -1.0160604798793793     
   1.6440000780858099       -1.0184464738321304     
   1.6460000781808048       -1.0181921938371659     
   1.6480000782757998       -1.0123903719520568     
   1.6500000783707947       -1.0158612938833236     
   1.6520000784657896       -1.0147382239055633     
   1.6540000785607845       -1.0154883498907090     
   1.6560000786557794       -1.0069869220590590     
   1.6580000787507743       -1.0113817279720307     
   1.6600000788457692       -1.0094788660097123     
   1.6620000789407641       -1.0086227900266647     
   1.6640000790357590       -1.0120894739580155     
   1.6660000791307539       -1.0176751578474046     
   1.6680000792257488       -1.0220360597610474     
   1.6700000793207437       -1.0181794798374175     
   1.6720000794157386       -1.0162130478763580     
   1.6740000795107335       -1.0101103279972077     
   1.6760000796057284       -1.0078133320426941     
   1.6780000797007233       -1.0098518100023270     
   1.6800000797957182       -1.0151535478973388     
   1.6820000798907131       -1.0205400457906724     
   1.6840000799857080       -1.0169419838619231     
   1.6860000800807029       -1.0185354718303681     
   1.6880000801756978       -1.0212774577760697     
   1.6900000802706927       -1.0175013998508453     
   1.6920000803656876       -1.0188151798248291     
   1.6940000804606825       -1.0214639297723771     
   1.6960000805556774       -1.0198450138044357     
   1.6980000806506723       -1.0293423716163634     
   1.7000000807456672       -1.0169758878612518     
   1.7020000808406621       -1.0141830459165573     
   1.7040000809356570       -1.0099153800010681     
   1.7060000810306519       -1.0028379201412201     
   1.7080000811256468       -1.0063257940721513     
   1.7100000812206417       -1.0078896160411834     
   1.7120000813156366       -1.0019182741594315     
   1.7140000814106315      -0.99701067025661472     
   1.7160000815056264      -0.99791336423873900     
   1.7180000816006213      -0.99354398632526397     
   1.7200000816956162      -0.99400592831611634     
   1.7220000817906111      -0.99248448634624487     
   1.7240000818856061      -0.98807696643352505     
   1.7260000819806010      -0.99011968239307402     
   1.7280000820755959      -0.98934412840843200     
   1.7300000821705908      -0.98438143050670623     
   1.7320000822655857      -0.97895255261421199     
   1.7340000823605806      -0.98166487256050106     
   1.7360000824555755      -0.97685474265575412     
   1.7380000825505704      -0.98024938058853150     
   1.7400000826455653      -0.97683355265617366     
   1.7420000827405602      -0.97557062868118283     
   1.7440000828355551      -0.97549010668277736     
   1.7460000829305500      -0.97516378068923948     
   1.7480000830255449      -0.96272948893547061     
   1.7500000831205398      -0.95829654102325434     
   1.7520000832155347      -0.94565034927368163     
   1.7540000833105296      -0.94320502332210543     
   1.7560000834055245      -0.93745405743598942     
   1.7580000835005194      -0.93491973348617552     
   1.7600000835955143      -0.93544100747585301     
   1.7620000836905092      -0.93628436945915228     
   1.7640000837855041      -0.93357204951286321     
   1.7660000838804990      -0.93694125944614415     
   1.7680000839754939      -0.92739728363513951     
   1.7700000840704888      -0.92551561167240148     
   1.7720000841654837      -0.92860935161113733     
   1.7740000842604786      -0.93231760153770449     
   1.7760000843554735      -0.92624030965805049     
   1.7780000844504684      -0.93159290355205537     
   1.7800000845454633      -0.93188108754634857     
   1.7820000846404582      -0.93480106948852537     
   1.7840000847354531      -0.93476292748928069     
   1.7860000848304480      -0.93449593349456783     
   1.7880000849254429      -0.94153525135517124     
   1.7900000850204378      -0.93402975350379946     
   1.7920000851154327      -0.94124706736087804     
   1.7940000852104276      -0.93494939948558808     
   1.7960000853054225      -0.94014094938278203     
   1.7980000854004174      -0.94968916319370267     
   1.8000000854954123      -0.96521719488620761     
   1.8020000855904073      -0.95955098899841307     
   1.8040000856854022      -0.96645469086170199     
   1.8060000857803971      -0.97347705672264095     
   1.8080000858753920      -0.97529092068672185     
   1.8100000859703869      -0.97303630473136904     
   1.8120000860653818      -0.96990442279338840     
   1.8140000861603767      -0.97603680867195131     
   1.8160000862553716      -0.98171149055957796     
   1.8180000863503665      -0.98722089045047756     
   1.8200000864453614      -0.99940090220928191     
   1.8220000865403563      -0.99874825022220615     
   1.8240000866353512       -1.0043932661104202     
   1.8260000867303461       -1.0101993259954452     
   1.8280000868253410       -1.0099789499998093     
   1.8300000869203359       -1.0149119819021224     
   1.8320000870153308       -1.0204637617921830     
   1.8340000871103257       -1.0193915478134155     
   1.8360000872053206       -1.0351611455011367     
   1.8380000873003155       -1.0370173894643784     
   1.8400000873953104       -1.0380811274433135     
   1.8420000874903053       -1.0375725674533844     
   1.8440000875853002       -1.0378522754478454     
   1.8460000876802951       -1.0387253034305572     
   1.8480000877752900       -1.0308722895860671     
   1.8500000878702849       -1.0334617075347901     
   1.8520000879652798       -1.0368563454675674     
   1.8540000880602747       -1.0341482635211945     
   1.8560000881552696       -1.0423318413591385     
   1.8580000882502645       -1.0421411313629150     
   1.8600000883452594       -1.0312706615781784     
   1.8620000884402543       -1.0374199994564057     
   1.8640000885352492       -1.0318173635673522     
   1.8660000886302441       -1.0185185198307036     
   1.8680000887252390       -1.0196500658082963     
   1.8700000888202339       -1.0146365119075775     
   1.8720000889152288       -1.0020030341577530     
   1.8740000890102237       -1.0033337661314010     
   1.8760000891052186      -0.99921866821289063     
   1.8780000892002136      -0.99863806222438811     
   1.8800000892952085      -0.99506119029521944     
   1.8820000893902034      -0.99683691226005555     
   1.8840000894851983      -0.98856857442378998     
   1.8860000895801932      -0.99846854222774506     
   1.8880000896751881      -0.99474334030151368     
   1.8900000897701830      -0.99139532036781308     
   1.8920000898651779      -0.98639871846675875     
   1.8940000899601728      -0.97823209262847899     
   1.8960000900551677      -0.96858216681957243     
   1.8980000901501626      -0.96233111694335938     
   1.9000000902451575      -0.96095800497055051     
   1.9020000903401524      -0.96188188895225524     
   1.9040000904351473      -0.95838130102157593     
   1.9060000905301422      -0.95867372301578524     
   1.9080000906251371      -0.96618769686698913     
   1.9100000907201320      -0.96125890296459193     
   1.9120000908151269      -0.95089699316978460     
   1.9140000909101218      -0.94968068719387055     
   1.9160000910051167      -0.95771169703483583     
   1.9180000911001116      -0.96121652296543125     
   1.9200000911951065      -0.97133686676502229     
   1.9220000912901014      -0.98739888644695284     
   1.9240000913850963      -0.98874233242034915     
   1.9260000914800912      -0.99527309029102329     
   1.9280000915750861      -0.99679453226089476     
   1.9300000916700810      -0.99389997831821442     
   1.9320000917650759       -1.0034609061288833     
   1.9340000918600708       -1.0008799641799926     
   1.9360000919550657       -1.0073641040515899     
   1.9380000920500606       -1.0072454400539399     
   1.9400000921450555       -1.0076904300451279     
   1.9420000922400504      -0.99566298628330230     
   1.9440000923350453      -0.99587488627910614     
   1.9460000924300402      -0.99778622424125674     
   1.9480000925250351      -0.98832277042865757     
   1.9500000926200300      -0.98674199645996097     
   1.9520000927150249      -0.98462723450183864     
   1.9540000928100199      -0.99182759635925288     
   1.9560000929050148       -1.0024310721492766     
   1.9580000930000097       -1.0002145981931687     
   1.9600000930950046      -0.99640463626861575     
   1.9620000931899995       -1.0026344961452485     
   1.9640000932849944       -1.0154841118907929     
   1.9660000933799893       -1.0173700218534469     
   1.9680000934749842       -1.0215995457696914     
   1.9700000935699791       -1.0282616816377639     
   1.9720000936649740       -1.0246466677093506     
   1.9740000937599689       -1.0171793118572234     
   1.9760000938549638       -1.0169250318622589     
   1.9780000939499587       -1.0108816439819337     
   1.9800000940449536       -1.0106273639869690     
   1.9820000941399485       -1.0073344380521774     
   1.9840000942349434       -1.0064826000690461     
   1.9860000943299383       -1.0046263561058044     
   1.9880000944249332       -1.0045373581075667     
   1.9900000945199281       -1.0138609579229354     
   1.9920000946149230       -1.0135388699293137     
   1.9940000947099179       -1.0071394900560380     
   1.9960000948049128       -1.0002018841934204     
   1.9980000948999077      -0.99703186025619506     
   2.0000000949949026      -0.99914238421440127     
