   2.0000000949949026E-003   0.0000000000000000     
   4.0000001899898052E-003   0.0000000000000000     
   6.0000002849847078E-003   0.0000000000000000     
   8.0000003799796104E-003   0.0000000000000000     
   1.0000000474974513E-002   0.0000000000000000     
   1.2000000569969416E-002   0.0000000000000000     
   1.4000000664964318E-002   0.0000000000000000     
   1.6000000759959221E-002   0.0000000000000000     
   1.8000000854954123E-002   0.0000000000000000     
   2.0000000949949026E-002   0.0000000000000000     
   2.2000001044943929E-002   0.0000000000000000     
   2.4000001139938831E-002   0.0000000000000000     
   2.6000001234933734E-002   0.0000000000000000     
   2.8000001329928637E-002   0.0000000000000000     
   3.0000001424923539E-002   0.0000000000000000     
   3.2000001519918442E-002   0.0000000000000000     
   3.4000001614913344E-002   0.0000000000000000     
   3.6000001709908247E-002   0.0000000000000000     
   3.8000001804903150E-002   0.0000000000000000     
   4.0000001899898052E-002   0.0000000000000000     
   4.2000001994892955E-002   0.0000000000000000     
   4.4000002089887857E-002   0.0000000000000000     
   4.6000002184882760E-002   0.0000000000000000     
   4.8000002279877663E-002   0.0000000000000000     
   5.0000002374872565E-002   0.0000000000000000     
   5.2000002469867468E-002   0.0000000000000000     
   5.4000002564862370E-002   0.0000000000000000     
   5.6000002659857273E-002   0.0000000000000000     
   5.8000002754852176E-002   0.0000000000000000     
   6.0000002849847078E-002   0.0000000000000000     
   6.2000002944841981E-002   0.0000000000000000     
   6.4000003039836884E-002   0.0000000000000000     
   6.6000003134831786E-002   0.0000000000000000     
   6.8000003229826689E-002   0.0000000000000000     
   7.0000003324821591E-002   0.0000000000000000     
   7.2000003419816494E-002   0.0000000000000000     
   7.4000003514811397E-002   0.0000000000000000     
   7.6000003609806299E-002   0.0000000000000000     
   7.8000003704801202E-002   0.0000000000000000     
   8.0000003799796104E-002   0.0000000000000000     
   8.2000003894791007E-002   0.0000000000000000     
   8.4000003989785910E-002   0.0000000000000000     
   8.6000004084780812E-002   0.0000000000000000     
   8.8000004179775715E-002   0.0000000000000000     
   9.0000004274770617E-002   0.0000000000000000     
   9.2000004369765520E-002   0.0000000000000000     
   9.4000004464760423E-002   0.0000000000000000     
   9.6000004559755325E-002   0.0000000000000000     
   9.8000004654750228E-002   0.0000000000000000     
  0.10000000474974513        0.0000000000000000     
  0.10200000484474003        0.0000000000000000     
  0.10400000493973494        0.0000000000000000     
  0.10600000503472984        0.0000000000000000     
  0.10800000512972474        0.0000000000000000     
  0.11000000522471964        0.0000000000000000     
  0.11200000531971455        0.0000000000000000     
  0.11400000541470945        0.0000000000000000     
  0.11600000550970435        0.0000000000000000     
  0.11800000560469925        0.0000000000000000     
  0.12000000569969416        0.0000000000000000     
  0.12200000579468906        0.0000000000000000     
  0.12400000588968396        0.0000000000000000     
  0.12600000598467886        0.0000000000000000     
  0.12800000607967377        0.0000000000000000     
  0.13000000617466867        0.0000000000000000     
  0.13200000626966357        0.0000000000000000     
  0.13400000636465847        0.0000000000000000     
  0.13600000645965338        0.0000000000000000     
  0.13800000655464828        0.0000000000000000     
  0.14000000664964318        0.0000000000000000     
  0.14200000674463809        0.0000000000000000     
  0.14400000683963299        0.0000000000000000     
  0.14600000693462789        0.0000000000000000     
  0.14800000702962279        0.0000000000000000     
  0.15000000712461770        0.0000000000000000     
  0.15200000721961260        0.0000000000000000     
  0.15400000731460750        0.0000000000000000     
  0.15600000740960240        0.0000000000000000     
  0.15800000750459731        0.0000000000000000     
  0.16000000759959221        0.0000000000000000     
  0.16200000769458711        0.0000000000000000     
  0.16400000778958201        0.0000000000000000     
  0.16600000788457692        0.0000000000000000     
  0.16800000797957182        0.0000000000000000     
  0.17000000807456672        0.0000000000000000     
  0.17200000816956162        0.0000000000000000     
  0.17400000826455653        0.0000000000000000     
  0.17600000835955143        0.0000000000000000     
  0.17800000845454633        0.0000000000000000     
  0.18000000854954123        0.0000000000000000     
  0.18200000864453614        0.0000000000000000     
  0.18400000873953104        0.0000000000000000     
  0.18600000883452594        0.0000000000000000     
  0.18800000892952085        0.0000000000000000     
  0.19000000902451575        0.0000000000000000     
  0.19200000911951065        0.0000000000000000     
  0.19400000921450555        0.0000000000000000     
  0.19600000930950046        0.0000000000000000     
  0.19800000940449536        0.0000000000000000     
  0.20000000949949026        0.0000000000000000     
  0.20200000959448516        0.0000000000000000     
  0.20400000968948007        0.0000000000000000     
  0.20600000978447497        0.0000000000000000     
  0.20800000987946987        0.0000000000000000     
  0.21000000997446477        0.0000000000000000     
  0.21200001006945968        0.0000000000000000     
  0.21400001016445458        0.0000000000000000     
  0.21600001025944948        0.0000000000000000     
  0.21800001035444438        0.0000000000000000     
  0.22000001044943929       -1.6951999664306640E-005
  0.22200001054443419       -4.2379999160766604E-005
  0.22400001063942909       -2.5427999496459958E-004
  0.22600001073442400       -1.4154919719696045E-003
  0.22800001082941890       -6.5519478702545167E-003
  0.23000001092441380       -2.2910627546310423E-002
  0.23200001101940870       -6.3417430744171138E-002
  0.23400001111440361      -0.15176277699470520     
  0.23600001120939851      -0.31684134972572325     
  0.23800001130439341      -0.57477450061798097     
  0.24000001139938831      -0.94292955332756045     
  0.24200001149438322       -1.4153478799724579     
  0.24400001158937812       -1.9690849490070343     
  0.24600001168437302       -2.5649562132072448     
  0.24800001177936792       -3.1778896650695803     
  0.25000001187436283       -3.7613139235162736     
  0.25200001196935773       -4.3008325028324128     
  0.25400001206435263       -4.7730304534816739     
  0.25600001215934753       -5.1802090094184878     
  0.25800001225434244       -5.5156848447752003     
  0.26000001234933734       -5.7877347733879088     
  0.26200001244433224       -6.0063223330593107     
  0.26400001253932714       -6.1741937477350239     
  0.26600001263432205       -6.3048470471477511     
  0.26800001272931695       -6.4045248051738737     
  0.27000001282431185       -6.4796984476852417     
  0.27200001291930676       -6.5336693766164782     
  0.27400001301430166       -6.5722945078516011     
  0.27600001310929656       -6.5980700233411786     
  0.27800001320429146       -6.6120088050651553     
  0.28000001329928637       -6.6152423990011213     
  0.28200001339428127       -6.6066858771705625     
  0.28400001348927617       -6.5861781955766681     
  0.28600001358427107       -6.5519563462543484     
  0.28800001367926598       -6.5003756492757798     
  0.29000001377426088       -6.4315547686386108     
  0.29200001386925578       -6.3407344304370881     
  0.29400001396425068       -6.2250794127273563     
  0.29600001405924559       -6.0835768335294720     
  0.29800001415424049       -5.9107893389511110     
  0.30000001424923539       -5.7070813969850542     
  0.30200001434423029       -5.4702831516742707     
  0.30400001443922520       -5.2020898029851912     
  0.30600001453422010       -4.9026073009157178     
  0.30800001462921500       -4.5775738973522184     
  0.31000001472420990       -4.2329778861761094     
  0.31200001481920481       -3.8731759313011169     
  0.31400001491419971       -3.5040419006109236     
  0.31600001500919461       -3.1321489319753648     
  0.31800001510418952       -2.7671850932025910     
  0.32000001519918442       -2.4148886361789703     
  0.32200001529417932       -2.0805273948001863     
  0.32400001538917422       -1.7691064469671249     
  0.32600001548416913       -1.4882711445283889     
  0.32800001557916403       -1.2360677695226669     
  0.33000001567415893       -1.0148399359035492     
  0.33200001576915383      -0.82400279968261714     
  0.33400001586414874      -0.66316222686767579     
  0.33600001595914364      -0.52830906953811640     
  0.33800001605413854      -0.41537484777450562     
  0.34000001614913344      -0.32414342358112336     
  0.34200001624412835      -0.25070312303543091     
  0.34400001633912325      -0.19049809622764588     
  0.34600001643411815      -0.14284178717136384     
  0.34800001652911305      -0.10347076795101166     
  0.35000001662410796       -7.2507940564155576E-002
  0.35200001671910286       -4.7041799068450928E-002
  0.35400001681409776       -2.6898585467338563E-002
  0.35600001690909266       -1.0111867799758912E-002
  0.35800001700408757        4.2464759159088136E-003
  0.36000001709908247        1.6269681677818299E-002
  0.36200001719407737        2.6932489466667174E-002
  0.36400001728907228        3.6891789269447327E-002
  0.36600001738406718        4.5236411104202269E-002
  0.36800001747906208        5.2614768958091737E-002
  0.37000001757405698        6.0120266809463502E-002
  0.37200001766905189        6.6689166679382322E-002
  0.37400001776404679        7.3444538545608520E-002
  0.37600001785904169        7.9682874422073363E-002
  0.37800001795403659        8.5755928301811224E-002
  0.38000001804903150        9.0951716198921201E-002
  0.38200001814402640        9.5846606101989751E-002
  0.38400001823902130       0.10082625600337983     
  0.38600001833401620       0.10498373392105102     
  0.38800001842901111       0.10888693184375763     
  0.39000001852400601       0.11161620378971100     
  0.39200001861900091       0.11348516175270081     
  0.39400001871399581       0.11436242773532868     
  0.39600001880899072       0.11457432773113251     
  0.39800001890398562       0.11352330375194550     
  0.40000001899898052       0.11045075381278992     
  0.40200001909397542       0.10484387992382049     
  0.40400001918897033        9.8758112044334406E-002
  0.40600001928396523        8.8777622241973872E-002
  0.40800001937896013        7.4932076516151427E-002
  0.41000001947395504        5.7390994863510132E-002
  0.41200001956894994        3.7624963254928590E-002
  0.41400001966394484        1.2383435754776000E-002
  0.41600001975893974       -1.8053879642486573E-002
  0.41800001985393465       -5.3203850946426393E-002
  0.42000001994892955       -9.3918316140174860E-002
  0.42200002004392445      -0.14315963716506958     
  0.42400002013891935      -0.19676186010360719     
  0.42600002023391426      -0.25864513487815854     
  0.42800002032890916      -0.32804662150382996     
  0.43000002042390406      -0.40490274998188019     
  0.43200002051889896      -0.48896771631717684     
  0.43400002061389387      -0.58185619847774506     
  0.43600002070888877      -0.68152548050403594     
  0.43800002080388367      -0.78807727439403530     
  0.44000002089887857      -0.90402047609806058     
  0.44200002099387348       -1.0263969616746902     
  0.44400002108886838       -1.1556813871145248     
  0.44600002118386328       -1.2889241044759749     
  0.44800002127885818       -1.4304817776727676     
  0.45000002137385309       -1.5759002687931061     
  0.45200002146884799       -1.7217171319055558     
  0.45400002156384289       -1.8753488668632508     
  0.45600002165883780       -2.0299807698011398     
  0.45800002175383270       -2.1891897126483917     
  0.46000002184882760       -2.3538317713880539     
  0.46200002194382250       -2.5159395061779022     
  0.46400002203881741       -2.6804289969205857     
  0.46600002213381231       -2.8392565197753905     
  0.46800002222880721       -2.9956768586778639     
  0.47000002232380211       -3.1487873196458818     
  0.47200002241879702       -3.2974648327016829     
  0.47400002251379192       -3.4430782718181612     
  0.47600002260878682       -3.5801224751043321     
  0.47800002270378172       -3.7148188264369963     
  0.48000002279877663       -3.8331183560943605     
  0.48200002289377153       -3.9507270917654038     
  0.48400002298876643       -4.0540834337186817     
  0.48600002308376133       -4.1500105618190766     
  0.48800002317875624       -4.2372667420911787     
  0.49000002327375114       -4.3064351387214659     
  0.49200002336874604       -4.3634786175918583     
  0.49400002346374094       -4.4099398106718066     
  0.49600002355873585       -4.4444795099878309     
  0.49800002365373075       -4.4661102615594865     
  0.50000002374872565       -4.4731834834194180     
  0.50200002384372056       -4.4711789094591143     
  0.50400002393871546       -4.4568163277435300     
  0.50600002403371036       -4.4305110622644426     
  0.50800002412870526       -4.3905594370555878     
  0.51000002422370017       -4.3395593460655215     
  0.51200002431869507       -4.2808376192283628     
  0.51400002441368997       -4.2064310547018051     
  0.51600002450868487       -4.1271296002721787     
  0.51800002460367978       -4.0406150699853898     
  0.52000002469867468       -3.9438530559015272     
  0.52200002479366958       -3.8443956738710403     
  0.52400002488866448       -3.7357121660232542     
  0.52600002498365939       -3.6192476903295518     
  0.52800002507865429       -3.5018127126550675     
  0.53000002517364919       -3.3803473970603943     
  0.53200002526864409       -3.2547161275482179     
  0.53400002536363900       -3.1286271540451049     
  0.53600002545863390       -2.9995164866018293     
  0.53800002555362880       -2.8699099731683733     
  0.54000002564862370       -2.7411807257175447     
  0.54200002574361861       -2.6149095182180404     
  0.54400002583861351       -2.4880704187297820     
  0.54600002593360841       -2.3681519731044771     
  0.54800002602860332       -2.2459661975240706     
  0.55000002612359822       -2.1284506978511812     
  0.55200002621859312       -2.0121430281543731     
  0.55400002631358802       -1.9023322123289108     
  0.55600002640858293       -1.7954668064451218     
  0.55800002650357783       -1.6933988164663314     
  0.56000002659857273       -1.5976581603622437     
  0.56200002669356763       -1.5066683021640777     
  0.56400002678856254       -1.4225016238307953     
  0.56600002688355744       -1.3439121533870697     
  0.56800002697855234       -1.2691284068679809     
  0.57000002707354724       -1.2018586342000961     
  0.57200002716854215       -1.1422554033803940     
  0.57400002726353705       -1.0864028024864196     
  0.57600002735853195       -1.0396068074131013     
  0.57800002745352685      -0.99667586826324461     
  0.58000002754852176      -0.95674543305397031     
  0.58200002764351666      -0.92357460771083832     
  0.58400002773851156      -0.89516305627346038     
  0.58600002783350646      -0.87173963073730465     
  0.58800002792850137      -0.85540637906074524     
  0.59000002802349627      -0.83980630136966705     
  0.59200002811849117      -0.82909263758182528     
  0.59400002821348608      -0.82478259166717527     
  0.59600002830848098      -0.82615570363998414     
  0.59800002840347588      -0.83327554349899291     
  0.60000002849847078      -0.84203125132560730     
  0.60200002859346569      -0.85345266109943385     
  0.60400002868846059      -0.86759486681938169     
  0.60600002878345549      -0.88857296640396122     
  0.60800002887845039      -0.90881789200305940     
  0.61000002897344530      -0.93375004550933838     
  0.61200002906844020      -0.95894495501041410     
  0.61400002916343510      -0.98609358247280121     
  0.61600002925843000       -1.0182303358364104     
  0.61800002935342491       -1.0544821871185304     
  0.62000002944841981       -1.0888947464370728     
  0.62200002954341471       -1.1231504997587205     
  0.62400002963840961       -1.1591650230455399     
  0.62600002973340452       -1.2028037081813812     
  0.62800002982839942       -1.2468789073085784     
  0.63000002992339432       -1.2873221405076980     
  0.63200003001838923       -1.3309608256435395     
  0.63400003011338413       -1.3754513487625122     
  0.63600003020837903       -1.4199376338815690     
  0.63800003030337393       -1.4671320009469986     
  0.64000003039836884       -1.5097239001035689     
  0.64200003049336374       -1.5529091192483901     
  0.64400003058835864       -1.5954713524055482     
  0.64600003068335354       -1.6406441935110092     
  0.64800003077834845       -1.6870799585914611     
  0.65000003087334335       -1.7317569537067414     
  0.65200003096833825       -1.7750693128490449     
  0.65400003106333315       -1.8193818399715425     
  0.65600003115832806       -1.8643639710807800     
  0.65800003125332296       -1.9084179802083969     
  0.66000003134831786       -1.9521583773422242     
  0.66200003144331276       -1.9946909444999694     
  0.66400003153830767       -2.0338076837253571     
  0.66600003163330257       -2.0717377829742434     
  0.66800003172829747       -2.1119140221786501     
  0.67000003182329237       -2.1507044354104994     
  0.67200003191828728       -2.1917367505979537     
  0.67400003201328218       -2.2287429658651350     
  0.67600003210827708       -2.2675079510974885     
  0.67800003220327199       -2.2985894424819948     
  0.68000003229826689       -2.3309423338413238     
  0.68200003239326179       -2.3617271652317049     
  0.68400003248825669       -2.3904226626634597     
  0.68600003258325160       -2.4169101621389388     
  0.68800003267824650       -2.4414693716526030     
  0.69000003277324140       -2.4664311911582946     
  0.69200003286823630       -2.4845867827987669     
  0.69400003296323121       -2.5070693723535538     
  0.69600003305822611       -2.5284585579299925     
  0.69800003315322101       -2.5442747736167908     
  0.70000003324821591       -2.5575312373542785     
  0.70200003334321082       -2.5696095371150971     
  0.70400003343820572       -2.5788229489326477     
  0.70600003353320062       -2.5836754588365554     
  0.70800003362819552       -2.5864555867815016     
  0.71000003372319043       -2.5888797227334974     
  0.71200003381818533       -2.5868073407745360     
  0.71400003391318023       -2.5869768607711792     
  0.71600003400817513       -2.5846798648166658     
  0.71800003410317004       -2.5765895229768754     
  0.72000003419816494       -2.5707665110921858     
  0.72200003429315984       -2.5634051052379609     
  0.72400003438815475       -2.5477287435483933     
  0.72600003448314965       -2.5345019458103182     
  0.72800003457814455       -2.5184738301277161     
  0.73000003467313945       -2.4980042905330659     
  0.73200003476813436       -2.4802301188850402     
  0.73400003486312926       -2.4593961112976075     
  0.73600003495812416       -2.4329509918212890     
  0.73800003505311906       -2.4098496542787551     
  0.74000003514811397       -2.3855108207607270     
  0.74200003524310887       -2.3509202654457093     
  0.74400003533810377       -2.3199065820598603     
  0.74600003543309867       -2.2883716246843337     
  0.74800003552809358       -2.2520985834026335     
  0.75000003562308848       -2.2171096560955048     
  0.75200003571808338       -2.1789168008518218     
  0.75400003581307828       -2.1416647815895082     
  0.75600003590807319       -2.1038914883375166     
  0.75800003600306809       -2.0641899051237105     
  0.76000003609806299       -2.0262682818746565     
  0.76200003619305789       -1.9896265346002580     
  0.76400003628805280       -1.9533280653190612     
  0.76600003638304770       -1.9171482600355148     
  0.76800003647804260       -1.8796885787773132     
  0.77000003657303751       -1.8393470575761794     
  0.77200003666803241       -1.8022603203105927     
  0.77400003676302731       -1.7664831250190736     
  0.77600003685802221       -1.7324689376926423     
  0.77800003695301712       -1.6941574184513093     
  0.78000003704801202       -1.6591769671440124     
  0.78200003714300692       -1.6278750997638702     
  0.78400003723800182       -1.5974377843666077     
  0.78600003733299673       -1.5695008889198303     
  0.78800003742799163       -1.5447001134109497     
  0.79000003752298653       -1.5227430358457565     
  0.79200003761798143       -1.5021209282541275     
  0.79400003771297634       -1.4799646646928788     
  0.79600003780797124       -1.4654791809797287     
  0.79800003790296614       -1.4486755113124847     
  0.80000003799796104       -1.4344994015932082     
  0.80200003809295595       -1.4228194738245010     
  0.80400003818795085       -1.4173227879333496     
  0.80600003828294575       -1.4137120120048523     
  0.80800003837794065       -1.4106564140653610     
  0.81000003847293556       -1.4119998600387573     
  0.81200003856793046       -1.4129406960201263     
  0.81400003866292536       -1.4179415359210967     
  0.81600003875792027       -1.4220312058401108     
  0.81800003885291517       -1.4326601096296310     
  0.82000003894791007       -1.4452766353797912     
  0.82200003904290497       -1.4553503611803056     
  0.82400003913789988       -1.4668226269531250     
  0.82600003923289478       -1.4806130786800384     
  0.82800003932788968       -1.4984932003259659     
  0.83000003942288458       -1.5175006299495697     
  0.83200003951787949       -1.5391779995203019     
  0.83400003961287439       -1.5618640130710602     
  0.83600003970786929       -1.5824267886638641     
  0.83800003980286419       -1.6030192302560806     
  0.84000003989785910       -1.6301000497198106     
  0.84200003999285400       -1.6574393871784210     
  0.84400004008784890       -1.6882199805688858     
  0.84600004018284380       -1.7149914260387420     
  0.84800004027783871       -1.7425596154928207     
  0.85000004037283361       -1.7717721489143372     
  0.85200004046782851       -1.8007346403408051     
  0.85400004056282341       -1.8304557337522507     
  0.85600004065781832       -1.8585112931966781     
  0.85800004075281322       -1.8869143686342240     
  0.86000004084780812       -1.9121304681348801     
  0.86200004094280303       -1.9387366316080092     
  0.86400004103779793       -1.9653724610805512     
  0.86600004113279283       -1.9923219025468826     
  0.86800004122778773       -2.0233694899320604     
  0.87000004132278264       -2.0502129814004899     
  0.87200004141777754       -2.0760563048887253     
  0.87400004151277244       -2.1010181243944168     
  0.87600004160776734       -2.1296924318265913     
  0.87800004170276225       -2.1536032273530958     
  0.88000004179775715       -2.1784845248603819     
  0.88200004189275205       -2.2033785363674165     
  0.88400004198774695       -2.2226190559864043     
  0.88600004208274186       -2.2405796996307372     
  0.88800004217773676       -2.2555016973352431     
  0.89000004227273166       -2.2741022789669039     
  0.89200004236772656       -2.2915035066223144     
  0.89400004246272147       -2.3076969043016433     
  0.89600004255771637       -2.3244158139705657     
  0.89800004265271127       -2.3353159497547149     
  0.90000004274770617       -2.3481994694995878     
  0.90200004284270108       -2.3577943013095854     
  0.90400004293769598       -2.3669822851276399     
  0.90600004303269088       -2.3706184890556337     
  0.90800004312768579       -2.3752167189645768     
  0.91000004322268069       -2.3821204208278655     
  0.91200004331767559       -2.3827603588151933     
  0.91400004341267049       -2.3818237608337403     
  0.91600004350766540       -2.3818788548326491     
  0.91800004360266030       -2.3786876408958437     
  0.92000004369765520       -2.3805650748586653     
  0.92200004379265010       -2.3799081848716734     
  0.92400004388764501       -2.3768059689331054     
  0.92600004398263991       -2.3757337549543380     
  0.92800004407763481       -2.3695547510766981     
  0.93000004417262971       -2.3611507972431185     
  0.93200004426762462       -2.3504159434556962     
  0.93400004436261952       -2.3389055356836317     
  0.93600004445761442       -2.3294336058712006     
  0.93800004455260932       -2.3172154521131514     
  0.94000004464760423       -2.3053914323472977     
  0.94200004474259913       -2.2974324685049057     
  0.94400004483759403       -2.2843370487642289     
  0.94600004493258893       -2.2747167889547346     
  0.94800004502758384       -2.2566629093122481     
  0.95000004512257874       -2.2424952755928040     
  0.95200004521757364       -2.2263018779134751     
  0.95400004531256855       -2.2076462022829055     
  0.95600004540756345       -2.1916901325988771     
  0.95800004550255835       -2.1768613708925248     
  0.96000004559755325       -2.1603162192201615     
  0.96200004569254816       -2.1420038215827941     
  0.96400004578754306       -2.1235939499473573     
  0.96600004588253796       -2.1065826182842255     
  0.96800004597753286       -2.0866385906791689     
  0.97000004607252777       -2.0696357350158689     
  0.97200004616752267       -2.0490899114227297     
  0.97400004626251757       -2.0258402438831329     
  0.97600004635751247       -2.0055190342855456     
  0.97800004645250738       -1.9884949886226655     
  0.98000004654750228       -1.9715090849590302     
  0.98200004664249718       -1.9536798193120957     
  0.98400004673749208       -1.9342358756971358     
  0.98600004683248699       -1.9133340601110458     
  0.98800004692748189       -1.8919575885343551     
  0.99000004702247679       -1.8783493708038330     
  0.99200004711747169       -1.8606006271553039     
  0.99400004721246660       -1.8475094454145431     
  0.99600004730746150       -1.8323246917152405     
  0.99800004740245640       -1.8192250339746476     
   1.0000000474974513       -1.8102150461530686     
   1.0020000475924462       -1.7987893983793259     
   1.0040000476874411       -1.7872535626077652     
   1.0060000477824360       -1.7763407128238677     
   1.0080000478774309       -1.7654363390398025     
   1.0100000479724258       -1.7563712572193146     
   1.0120000480674207       -1.7445006194543839     
   1.0140000481624156       -1.7383131395769120     
   1.0160000482574105       -1.7282394137763977     
   1.0180000483524054       -1.7210136239194871     
   1.0200000484474003       -1.7157161240243912     
   1.0220000485423952       -1.7082572441720962     
   1.0240000486373901       -1.7073587881898880     
   1.0260000487323850       -1.7056296842241288     
   1.0280000488273799       -1.7040319582557679     
   1.0300000489223748       -1.7040107682561874     
   1.0320000490173697       -1.7083589561700820     
   1.0340000491123646       -1.7055745902252197     
   1.0360000492073596       -1.7112238441133498     
   1.0380000493023545       -1.7081428181743621     
   1.0400000493973494       -1.7101516301345825     
   1.0420000494923443       -1.7080029641771317     
   1.0440000495873392       -1.7235648998689652     
   1.0460000496823341       -1.7271121057987213     
   1.0480000497773290       -1.7360542856216430     
   1.0500000498723239       -1.7405931835317612     
   1.0520000499673188       -1.7482682013797759     
   1.0540000500623137       -1.7536335092735291     
   1.0560000501573086       -1.7592573351621628     
   1.0580000502523035       -1.7685427929782866     
   1.0600000503472984       -1.7755651588392258     
   1.0620000504422933       -1.7891352345705032     
   1.0640000505372882       -1.7997090443611146     
   1.0660000506322831       -1.8081935201930999     
   1.0680000507272780       -1.8223569159126283     
   1.0700000508222729       -1.8342614576768874     
   1.0720000509172678       -1.8445937014722824     
   1.0740000510122627       -1.8613592291402816     
   1.0760000511072576       -1.8702886949634552     
   1.0780000512022525       -1.8815702507400514     
   1.0800000512972474       -1.8937587384986878     
   1.0820000513922423       -1.9119863761377334     
   1.0840000514872372       -1.9198648179817199     
   1.0860000515822321       -1.9320787337398528     
   1.0880000516772270       -1.9425635455322265     
   1.0900000517722219       -1.9548198412895204     
   1.0920000518672168       -1.9585069012165071     
   1.0940000519622117       -1.9666692890548707     
   1.0960000520572066       -1.9760395068693162     
   1.0980000521522015       -1.9834009127235412     
   1.1000000522471964       -1.9922074765491486     
   1.1020000523421913       -2.0036204103231432     
   1.1040000524371862       -2.0120286021566391     
   1.1060000525321811       -2.0189662080192567     
   1.1080000526271760       -2.0261962358760832     
   1.1100000527221709       -2.0353715056943895     
   1.1120000528171659       -2.0441823075199128     
   1.1140000529121608       -2.0511368653821944     
   1.1160000530071557       -2.0578540952491760     
   1.1180000531021506       -2.0575150552558901     
   1.1200000531971455       -2.0561207532835009     
   1.1220000532921404       -2.0610114051866533     
   1.1240000533871353       -2.0663470470809937     
   1.1260000534821302       -2.0743865329217912     
   1.1280000535771251       -2.0788449088335037     
   1.1300000536721200       -2.0753400829029083     
   1.1320000537671149       -2.0776582688570024     
   1.1340000538621098       -2.0862783606863022     
   1.1360000539571047       -2.0885245006418227     
   1.1380000540520996       -2.0858503226947787     
   1.1400000541470945       -2.0861469826889039     
   1.1420000542420894       -2.0839559367322922     
   1.1440000543370843       -2.0810868107891083     
   1.1460000544320792       -2.0844390687227250     
   1.1480000545270741       -2.0802561628055574     
   1.1500000546220690       -2.0772853248643877     
   1.1520000547170639       -2.0698900150108339     
   1.1540000548120588       -2.0688771330308913     
   1.1560000549070537       -2.0673090730619430     
   1.1580000550020486       -2.0682244810438157     
   1.1600000550970435       -2.0678472990512846     
   1.1620000551920384       -2.0601299012041090     
   1.1640000552870333       -2.0520607493638994     
   1.1660000553820282       -2.0501070314025878     
   1.1680000554770231       -2.0460978834819792     
   1.1700000555720180       -2.0450934775018692     
   1.1720000556670129       -2.0427159595489504     
   1.1740000557620078       -2.0407664795875551     
   1.1760000558570027       -2.0307436097860334     
   1.1780000559519976       -2.0321082457590105     
   1.1800000560469925       -2.0264971338701248     
   1.1820000561419874       -2.0251494498968126     
   1.1840000562369823       -2.0216870039653778     
   1.1860000563319772       -2.0178939940404894     
   1.1880000564269722       -2.0132364321327207     
   1.1900000565219671       -2.0107021081829073     
   1.1920000566169620       -2.0028279043388366     
   1.1940000567119569       -1.9936568725204469     
   1.1960000568069518       -1.9893425886058806     
   1.1980000569019467       -1.9863590366649628     
   1.2000000569969416       -1.9803241247844696     
   1.2020000570919365       -1.9739205069112777     
   1.2040000571869314       -1.9692120890045166     
   1.2060000572819263       -1.9654826490783692     
   1.2080000573769212       -1.9644189110994339     
   1.2100000574719161       -1.9580788632249833     
   1.2120000575669110       -1.9559683392667770     
   1.2140000576619059       -1.9617235431528091     
   1.2160000577569008       -1.9667455730533601     
   1.2180000578518957       -1.9619481571483612     
   1.2200000579468906       -1.9622829591417312     
   1.2220000580418855       -1.9551334532833100     
   1.2240000581368804       -1.9529847873258590     
   1.2260000582318753       -1.9492722993993759     
   1.2280000583268702       -1.9549978372859955     
   1.2300000584218651       -1.9570236012458802     
   1.2320000585168600       -1.9558920552682877     
   1.2340000586118549       -1.9500563293838502     
   1.2360000587068498       -1.9483017974185943     
   1.2380000588018447       -1.9419447975444795     
   1.2400000588968396       -1.9405843995714187     
   1.2420000589918345       -1.9449749674844743     
   1.2440000590868294       -1.9425677835321427     
   1.2460000591818243       -1.9472634874391557     
   1.2480000592768192       -1.9460768474626542     
   1.2500000593718141       -1.9408386795663835     
   1.2520000594668090       -1.9392282395982743     
   1.2540000595618039       -1.9354776096725463     
   1.2560000596567988       -1.9327186717271805     
   1.2580000597517937       -1.9327780037260056     
   1.2600000598467886       -1.9363845416545868     
   1.2620000599417835       -1.9350326196813583     
   1.2640000600367785       -1.9418049435472489     
   1.2660000601317734       -1.9468947814464570     
   1.2680000602267683       -1.9477254294300079     
   1.2700000603217632       -1.9493146793985368     
   1.2720000604167581       -1.9525143693351745     
   1.2740000605117530       -1.9562183812618255     
   1.2760000606067479       -1.9567269412517547     
   1.2780000607017428       -1.9630034191274643     
   1.2800000607967377       -1.9703733009815216     
   1.2820000608917326       -1.9802054607868194     
   1.2840000609867275       -1.9832186787271500     
   1.2860000610817224       -1.9818540427541733     
   1.2880000611767173       -1.9867192666578293     
   1.2900000612717122       -1.9891222126102448     
   1.2920000613667071       -1.9842400367069244     
   1.2940000614617020       -1.9826846907377242     
   1.2960000615566969       -1.9811929147672653     
   1.2980000616516918       -1.9925126125431061     
   1.3000000617466867       -1.9997044984006882     
   1.3020000618416816       -2.0005436223840714     
   1.3040000619366765       -2.0049341902971269     
   1.3060000620316714       -2.0102147381925581     
   1.3080000621266663       -2.0075914162445070     
   1.3100000622216612       -2.0010098023748397     
   1.3120000623166561       -2.0034042723274230     
   1.3140000624116510       -2.0090450502157213     
   1.3160000625066459       -2.0053240862894057     
   1.3180000626016408       -2.0068879082584381     
   1.3200000626966357       -2.0049257142972947     
   1.3220000627916306       -2.0076549862432480     
   1.3240000628866255       -2.0080236922359465     
   1.3260000629816204       -2.0081593082332612     
   1.3280000630766153       -2.0102698321914674     
   1.3300000631716102       -2.0086466782236099     
   1.3320000632666051       -2.0108970561790467     
   1.3340000633616000       -2.0071718542528152     
   1.3360000634565949       -2.0081084522342683     
   1.3380000635515898       -1.9997256884002685     
   1.3400000636465847       -1.9972591724491120     
   1.3420000637415797       -1.9963819064664841     
   1.3440000638365746       -1.9960386284732818     
   1.3460000639315695       -1.9990518464136124     
   1.3480000640265644       -2.0008445203781129     
   1.3500000641215593       -1.9966149964618682     
   1.3520000642165542       -1.9924871845436096     
   1.3540000643115491       -1.9934704005241395     
   1.3560000644065440       -1.9902240925884247     
   1.3580000645015389       -1.9857360506772994     
   1.3600000645965338       -1.9835704327201844     
   1.3620000646915287       -1.9873125866460801     
   1.3640000647865236       -1.9868633586549760     
   1.3660000648815185       -1.9865666986608506     
   1.3680000649765134       -1.9811378207683563     
   1.3700000650715083       -1.9730305269289017     
   1.3720000651665032       -1.9693943230009079     
   1.3740000652614981       -1.9707250549745561     
   1.3760000653564930       -1.9751961448860169     
   1.3780000654514879       -1.9784339768218995     
   1.3800000655464828       -1.9742680229043961     
   1.3820000656414777       -1.9721235949468612     
   1.3840000657364726       -1.9717887929534912     
   1.3860000658314675       -1.9686060550165176     
   1.3880000659264624       -1.9626982831335067     
   1.3900000660214573       -1.9548113652896881     
   1.3920000661164522       -1.9521371873426436     
   1.3940000662114471       -1.9493189173984529     
   1.3960000663064420       -1.9407496815681458     
   1.3980000664014369       -1.9375330396318435     
   1.4000000664964318       -1.9403004535770416     
   1.4020000665914267       -1.9292858917951583     
   1.4040000666864216       -1.9291841797971725     
   1.4060000667814165       -1.9233399779129028     
   1.4080000668764114       -1.9184154220104217     
   1.4100000669714063       -1.9110752061557770     
   1.4120000670664012       -1.9079560382175444     
   1.4140000671613961       -1.9116854781436921     
   1.4160000672563910       -1.9136307201051712     
   1.4180000673513860       -1.9240265338993072     
   1.4200000674463809       -1.9185213720083236     
   1.4220000675413758       -1.9219795799398423     
   1.4240000676363707       -1.9227593719244003     
   1.4260000677313656       -1.9215218759489059     
   1.4280000678263605       -1.9203479499721527     
   1.4300000679213554       -1.9177415800237656     
   1.4320000680163503       -1.9191740239953994     
   1.4340000681113452       -1.9123720341300965     
   1.4360000682063401       -1.9178560060214995     
   1.4380000683013350       -1.9183688040113449     
   1.4400000683963299       -1.9202843799734115     
   1.4420000684913248       -1.9142198020935060     
   1.4440000685863197       -1.9163430400514603     
   1.4460000686813146       -1.9211362179565430     
   1.4480000687763095       -1.9205513739681244     
   1.4500000688713044       -1.9232975979137421     
   1.4520000689662993       -1.9216363019466400     
   1.4540000690612942       -1.9307183357667923     
   1.4560000691562891       -1.9390460056018830     
   1.4580000692512840       -1.9396435635900497     
   1.4600000693462789       -1.9401478855800629     
   1.4620000694412738       -1.9383679256153106     
   1.4640000695362687       -1.9451360114812850     
   1.4660000696312636       -1.9447884954881669     
   1.4680000697262585       -1.9514591073560714     
   1.4700000698212534       -1.9483399394178391     
   1.4720000699162483       -1.9492468713998794     
   1.4740000700112432       -1.9548791732883453     
   1.4760000701062381       -1.9616811631536484     
   1.4780000702012330       -1.9619990131473541     
   1.4800000702962279       -1.9642917711019516     
   1.4820000703912228       -1.9744078769016267     
   1.4840000704862177       -1.9728610069322585     
   1.4860000705812126       -1.9727677709341049     
   1.4880000706762075       -1.9841510387086869     
   1.4900000707712024       -1.9842400367069244     
   1.4920000708661973       -1.9836340027189254     
   1.4940000709611923       -1.9899359085941315     
   1.4960000710561872       -1.9922964745473861     
   1.4980000711511821       -1.9908513165760040     
   1.5000000712461770       -1.9971744124507904     
   1.5020000713411719       -1.9983186724281310     
   1.5040000714361668       -2.0089814802169799     
   1.5060000715311617       -2.0123295001506807     
   1.5080000716261566       -2.0144908801078798     
   1.5100000717211515       -2.0207970239830018     
   1.5120000718161464       -2.0247298879051208     
   1.5140000719111413       -2.0236110559272764     
   1.5160000720061362       -2.0215047699689865     
   1.5180000721011311       -2.0246196999073027     
   1.5200000721961260       -2.0244501799106600     
   1.5220000722911209       -2.0316123997688291     
   1.5240000723861158       -2.0327142797470095     
   1.5260000724811107       -2.0278448178434374     
   1.5280000725761056       -2.0276583458471298     
   1.5300000726711005       -2.0277600578451156     
   1.5320000727660954       -2.0292687858152392     
   1.5340000728610903       -2.0342060557174682     
   1.5360000729560852       -2.0282559038352965     
   1.5380000730510801       -2.0271709758567811     
   1.5400000731460750       -2.0308241317844389     
   1.5420000732410699       -2.0295866358089447     
   1.5440000733360648       -2.0388297136259079     
   1.5460000734310597       -2.0414403215742110     
   1.5480000735260546       -2.0437669835281373     
   1.5500000736210495       -2.0370709436607362     
   1.5520000737160444       -2.0352274136972426     
   1.5540000738110393       -2.0335957837295533     
   1.5560000739060342       -2.0290992658185960     
   1.5580000740010291       -2.0187966880226136     
   1.5600000740960240       -2.0223396559524538     
   1.5620000741910189       -2.0147536361026765     
   1.5640000742860138       -2.0120370781564714     
   1.5660000743810087       -2.0127151581430436     
   1.5680000744760036       -2.0166988780641555     
   1.5700000745709985       -2.0046460063028335     
   1.5720000746659935       -1.9961530544710160     
   1.5740000747609884       -2.0008190923786162     
   1.5760000748559833       -2.0016836443614960     
   1.5780000749509782       -1.9986789024209977     
   1.5800000750459731       -2.0016836443614960     
   1.5820000751409680       -2.0001579643917085     
   1.5840000752359629       -2.0007343323802949     
   1.5860000753309578       -1.9911267865705491     
   1.5880000754259527       -1.9802478407859803     
   1.5900000755209476       -1.9702927789831162     
   1.5920000756159425       -1.9675211270380020     
   1.5940000757109374       -1.9712293769645690     
   1.5960000758059323       -1.9686018170166015     
   1.5980000759009272       -1.9580746252250671     
   1.6000000759959221       -1.9549257912874223     
   1.6020000760909170       -1.9494757233953477     
   1.6040000761859119       -1.9426186395311356     
   1.6060000762809068       -1.9381645016193390     
   1.6080000763759017       -1.9353208036756515     
   1.6100000764708966       -1.9349817636823654     
   1.6120000765658915       -1.9390290536022186     
   1.6140000766608864       -1.9386942516088486     
   1.6160000767558813       -1.9375838956308364     
   1.6180000768508762       -1.9375542296314239     
   1.6200000769458711       -1.9339985477018355     
   1.6220000770408660       -1.9282433438158035     
   1.6240000771358609       -1.9315956017494202     
   1.6260000772308558       -1.9285993358087539     
   1.6280000773258507       -1.9247385178852081     
   1.6300000774208456       -1.9222169079351425     
   1.6320000775158405       -1.9174406820297241     
   1.6340000776108354       -1.9182882820129394     
   1.6360000777058303       -1.9139273800992966     
   1.6380000778008252       -1.9083332202100753     
   1.6400000778958201       -1.9019974103355408     
   1.6420000779908150       -1.8978356944179535     
   1.6440000780858099       -1.9012642363500596     
   1.6460000781808048       -1.9005607283639907     
   1.6480000782757998       -1.8979713104152680     
   1.6500000783707947       -1.8970092844343185     
   1.6520000784657896       -1.9057607542610169     
   1.6540000785607845       -1.9125330781269074     
   1.6560000786557794       -1.9116981921434402     
   1.6580000787507743       -1.9115032441473008     
   1.6600000788457692       -1.9177966740226746     
   1.6620000789407641       -1.9305530537700653     
   1.6640000790357590       -1.9307649537658691     
   1.6660000791307539       -1.9382280716180802     
   1.6680000792257488       -1.9334518457126617     
   1.6700000793207437       -1.9433390995168687     
   1.6720000794157386       -1.9425508315324784     
   1.6740000795107335       -1.9440553215026855     
   1.6760000796057284       -1.9460471814632416     
   1.6780000797007233       -1.9463989354562758     
   1.6800000797957182       -1.9423135035371781     
   1.6820000798907131       -1.9508276453685760     
   1.6840000799857080       -1.9530992133235932     
   1.6860000800807029       -1.9549257912874223     
   1.6880000801756978       -1.9470770154428483     
   1.6900000802706927       -1.9414828555536270     
   1.6920000803656876       -1.9500266633844376     
   1.6940000804606825       -1.9504462253761292     
   1.6960000805556774       -1.9456784754705430     
   1.6980000806506723       -1.9544723252964020     
   1.7000000807456672       -1.9572524532413482     
   1.7020000808406621       -1.9576847292327881     
   1.7040000809356570       -1.9587315152120590     
   1.7060000810306519       -1.9593290732002258     
   1.7080000811256468       -1.9712759949636460     
   1.7100000812206417       -1.9716277489566802     
   1.7120000813156366       -1.9753359988832473     
   1.7140000814106315       -1.9813751487636566     
   1.7160000815056264       -1.9868760726547241     
   1.7180000816006213       -1.9904402305841447     
   1.7200000816956162       -1.9960555804729461     
   1.7220000817906111       -2.0024252943468093     
   1.7240000818856061       -2.0054639402866363     
   1.7260000819806010       -2.0078965522384644     
   1.7280000820755959       -2.0031838963317870     
   1.7300000821705908       -1.9999036843967437     
   1.7320000822655857       -2.0066421042633058     
   1.7340000823605806       -2.0106893941831587     
   1.7360000824555755       -2.0171904860544205     
   1.7380000825505704       -2.0127193961429595     
   1.7400000826455653       -2.0048070502996445     
   1.7420000827405602       -2.0059979282760620     
   1.7440000828355551       -2.0112530481719970     
   1.7460000829305500       -2.0143891681098940     
   1.7480000830255449       -2.0143934061098099     
   1.7500000831205398       -2.0126643021440507     
   1.7520000832155347       -2.0141772681140901     
   1.7540000833105296       -2.0161648900747298     
   1.7560000834055245       -2.0171396300554276     
   1.7580000835005194       -2.0144781661081312     
   1.7600000835955143       -2.0120201261568069     
   1.7620000836905092       -2.0110453861761095     
   1.7640000837855041       -2.0032305143308640     
   1.7660000838804990       -2.0005266703844069     
   1.7680000839754939       -2.0012217023706436     
   1.7700000840704888       -2.0040823523139952     
   1.7720000841654837       -1.9995985484027863     
   1.7740000842604786       -1.9956826364803315     
   1.7760000843554735       -1.9914827785634994     
   1.7780000844504684       -2.0001961063909532     
   1.7800000845454633       -2.0048451922988892     
   1.7820000846404582       -2.0081804982328415     
   1.7840000847354531       -2.0142577901124956     
   1.7860000848304480       -2.0161776040744783     
   1.7880000849254429       -2.0110750521755221     
   1.7900000850204378       -2.0203223679924012     
   1.7920000851154327       -2.0128719641399382     
   1.7940000852104276       -2.0110114821767806     
   1.7960000853054225       -2.0112827141714096     
   1.7980000854004174       -2.0107360121822357     
   1.8000000854954123       -2.0057563622808456     
   1.8020000855904073       -2.0185085040283202     
   1.8040000856854022       -2.0142916941118241     
   1.8060000857803971       -2.0164318840694428     
   1.8080000858753920       -2.0160801300764084     
   1.8100000859703869       -2.0154995240879057     
   1.8120000860653818       -2.0111598121738434     
   1.8140000861603767       -2.0120286021566391     
   1.8160000862553716       -2.0131389581346513     
   1.8180000863503665       -2.0056122702836992     
   1.8200000864453614       -2.0028321423387530     
   1.8220000865403563       -2.0038068823194504     
   1.8240000866353512       -2.0047900982999800     
   1.8260000867303461       -2.0078245062398912     
   1.8280000868253410       -1.9997680683994292     
   1.8300000869203359       -2.0004037683868408     
   1.8320000870153308       -2.0004122443866730     
   1.8340000871103257       -2.0083669702291487     
   1.8360000872053206       -2.0111386221742631     
   1.8380000873003155       -2.0095197062063219     
   1.8400000873953104       -2.0089602902173995     
   1.8420000874903053       -1.9993146024084092     
   1.8440000875853002       -1.9892366386079787     
   1.8460000876802951       -1.9814810987615585     
   1.8480000877752900       -1.9773109068441390     
   1.8500000878702849       -1.9821930827474594     
   1.8520000879652798       -1.9834771967220306     
   1.8540000880602747       -1.9743994009017944     
   1.8560000881552696       -1.9836679067182541     
   1.8580000882502645       -1.9818498047542572     
   1.8600000883452594       -1.9858547146749497     
   1.8620000884402543       -1.9857021466779710     
   1.8640000885352492       -1.9821676547479630     
   1.8660000886302441       -1.9746621568965912     
   1.8680000887252390       -1.9537391513109208     
   1.8700000888202339       -1.9575236852359772     
   1.8720000889152288       -1.9519973333454133     
   1.8740000890102237       -1.9487171214103698     
   1.8760000891052186       -1.9480729454231263     
   1.8780000892002136       -1.9485687914133072     
   1.8800000892952085       -1.9498740953874587     
   1.8820000893902034       -1.9464879334545135     
   1.8840000894851983       -1.9443180774974822     
   1.8860000895801932       -1.9432416255187988     
   1.8880000896751881       -1.9313837017536164     
   1.8900000897701830       -1.9337612197065353     
   1.8920000898651779       -1.9304174377727508     
   1.8940000899601728       -1.9225771379280090     
   1.8960000900551677       -1.9161523300552368     
   1.8980000901501626       -1.9080789402151108     
   1.9000000902451575       -1.9079814662170411     
   1.9020000903401524       -1.9089138261985779     
   1.9040000904351473       -1.9048877262783050     
   1.9060000905301422       -1.9113082961511612     
   1.9080000906251371       -1.9091130121946336     
   1.9100000907201320       -1.9118846641397476     
   1.9120000908151269       -1.9010862403535842     
   1.9140000909101218       -1.9060404622554779     
   1.9160000910051167       -1.9043113582897186     
   1.9180000911001116       -1.8991409983921050     
   1.9200000911951065       -1.9056844702625275     
   1.9220000912901014       -1.9146817440843582     
   1.9240000913850963       -1.9242045298957824     
   1.9260000914800912       -1.9258743018627167     
   1.9280000915750861       -1.9351597596788406     
   1.9300000916700810       -1.9350029536819457     
   1.9320000917650759       -1.9315405077505112     
   1.9340000918600708       -1.9371092396402358     
   1.9360000919550657       -1.9429576795244217     
   1.9380000920500606       -1.9511454953622818     
   1.9400000921450555       -1.9583628092193603     
   1.9420000922400504       -1.9663429630613327     
   1.9440000923350453       -1.9730601929283142     
   1.9460000924300402       -1.9690256170082092     
   1.9480000925250351       -1.9737255589151383     
   1.9500000926200300       -1.9855750066804887     
   1.9520000927150249       -1.9829389707326890     
   1.9540000928100199       -1.9773914288425445     
   1.9560000929050148       -1.9686060550165176     
   1.9580000930000097       -1.9679067850303651     
   1.9600000930950046       -1.9693731330013275     
   1.9620000931899995       -1.9782941228246689     
   1.9640000932849944       -1.9827482607364655     
   1.9660000933799893       -1.9814132907629014     
   1.9680000934749842       -1.9841807047080993     
   1.9700000935699791       -1.9918684365558623     
   1.9720000936649740       -2.0010352303743364     
   1.9740000937599689       -2.0029931863355634     
   1.9760000938549638       -1.9918091045570374     
   1.9780000939499587       -1.9915548245620727     
   1.9800000940449536       -1.9879228586339950     
   1.9820000941399485       -1.9946867065000533     
   1.9840000942349434       -2.0071125222539901     
   1.9860000943299383       -2.0071421882534026     
   1.9880000944249332       -2.0014590303659441     
   1.9900000945199281       -1.9994586944055557     
   1.9920000946149230       -2.0042688243103028     
   1.9940000947099179       -2.0104054481887816     
   1.9960000948049128       -2.0114140921688080     
   1.9980000948999077       -2.0182796520328523     
   2.0000000949949026       -2.0123506901502610     
