   1.0000000474974513E-003   0.0000000000000000     
   3.0000001424923539E-003   0.0000000000000000     
   5.0000002374872565E-003   0.0000000000000000     
   7.0000003324821591E-003   0.0000000000000000     
   9.0000004274770617E-003   0.0000000000000000     
   1.1000000522471964E-002   0.0000000000000000     
   1.3000000617466867E-002   0.0000000000000000     
   1.5000000712461770E-002   0.0000000000000000     
   1.7000000807456672E-002   0.0000000000000000     
   1.9000000902451575E-002   0.0000000000000000     
   2.1000000997446477E-002   0.0000000000000000     
   2.3000001092441380E-002   0.0000000000000000     
   2.5000001187436283E-002   0.0000000000000000     
   2.7000001282431185E-002   0.0000000000000000     
   2.9000001377426088E-002   0.0000000000000000     
   3.1000001472420990E-002   0.0000000000000000     
   3.3000001567415893E-002   0.0000000000000000     
   3.5000001662410796E-002   0.0000000000000000     
   3.7000001757405698E-002   0.0000000000000000     
   3.9000001852400601E-002   0.0000000000000000     
   4.1000001947395504E-002   0.0000000000000000     
   4.3000002042390406E-002   0.0000000000000000     
   4.5000002137385309E-002   0.0000000000000000     
   4.7000002232380211E-002   0.0000000000000000     
   4.9000002327375114E-002   0.0000000000000000     
   5.1000002422370017E-002   0.0000000000000000     
   5.3000002517364919E-002   0.0000000000000000     
   5.5000002612359822E-002   0.0000000000000000     
   5.7000002707354724E-002   0.0000000000000000     
   5.9000002802349627E-002   0.0000000000000000     
   6.1000002897344530E-002   0.0000000000000000     
   6.3000002992339432E-002   0.0000000000000000     
   6.5000003087334335E-002   0.0000000000000000     
   6.7000003182329237E-002   0.0000000000000000     
   6.9000003277324140E-002   0.0000000000000000     
   7.1000003372319043E-002   0.0000000000000000     
   7.3000003467313945E-002   0.0000000000000000     
   7.5000003562308848E-002   0.0000000000000000     
   7.7000003657303751E-002   0.0000000000000000     
   7.9000003752298653E-002   0.0000000000000000     
   8.1000003847293556E-002   0.0000000000000000     
   8.3000003942288458E-002   0.0000000000000000     
   8.5000004037283361E-002   0.0000000000000000     
   8.7000004132278264E-002   0.0000000000000000     
   8.9000004227273166E-002   0.0000000000000000     
   9.1000004322268069E-002   0.0000000000000000     
   9.3000004417262971E-002   0.0000000000000000     
   9.5000004512257874E-002   0.0000000000000000     
   9.7000004607252777E-002   0.0000000000000000     
   9.9000004702247679E-002   0.0000000000000000     
  0.10100000479724258        0.0000000000000000     
  0.10300000489223748        0.0000000000000000     
  0.10500000498723239        0.0000000000000000     
  0.10700000508222729        0.0000000000000000     
  0.10900000517722219        0.0000000000000000     
  0.11100000527221709        0.0000000000000000     
  0.11300000536721200        0.0000000000000000     
  0.11500000546220690        0.0000000000000000     
  0.11700000555720180        0.0000000000000000     
  0.11900000565219671        0.0000000000000000     
  0.12100000574719161        0.0000000000000000     
  0.12300000584218651        0.0000000000000000     
  0.12500000593718141        0.0000000000000000     
  0.12700000603217632        0.0000000000000000     
  0.12900000612717122        0.0000000000000000     
  0.13100000622216612        0.0000000000000000     
  0.13300000631716102        0.0000000000000000     
  0.13500000641215593        0.0000000000000000     
  0.13700000650715083        0.0000000000000000     
  0.13900000660214573        0.0000000000000000     
  0.14100000669714063        0.0000000000000000     
  0.14300000679213554        0.0000000000000000     
  0.14500000688713044        0.0000000000000000     
  0.14700000698212534        0.0000000000000000     
  0.14900000707712024        0.0000000000000000     
  0.15100000717211515        0.0000000000000000     
  0.15300000726711005        0.0000000000000000     
  0.15500000736210495        0.0000000000000000     
  0.15700000745709985        0.0000000000000000     
  0.15900000755209476        0.0000000000000000     
  0.16100000764708966        0.0000000000000000     
  0.16300000774208456        0.0000000000000000     
  0.16500000783707947        0.0000000000000000     
  0.16700000793207437        0.0000000000000000     
  0.16900000802706927        0.0000000000000000     
  0.17100000812206417        0.0000000000000000     
  0.17300000821705908        0.0000000000000000     
  0.17500000831205398        0.0000000000000000     
  0.17700000840704888        0.0000000000000000     
  0.17900000850204378        0.0000000000000000     
  0.18100000859703869        0.0000000000000000     
  0.18300000869203359        5.0351742797265465E-003
  0.18500000878702849        2.9561371081980134E-002
  0.18700000888202339        6.2686931063049067E-002
  0.18900000897701830       0.15577841770252804     
  0.19100000907201320       0.42062172387464369     
  0.19300000916700810       0.98234092806330209     
  0.19500000926200300        2.1640525447364580     
  0.19700000935699791        4.0581837086114829     
  0.19900000945199281        7.1790796417373954     
  0.20100000954698771        11.552910186416616     
  0.20300000964198261        18.213064049590884     
  0.20500000973697752        25.113936630311009     
  0.20700000983197242        34.457414948295096     
  0.20900000992696732        44.860966318891329     
  0.21100001002196223        54.687738395106642     
  0.21300001011695713        66.480781894691589     
  0.21500001021195203        74.489780670889445     
  0.21700001030694693        83.429013494914898     
  0.21900001040194184        90.343161612867959     
  0.22100001049693674        94.802156184359461     
  0.22300001059193164        98.249832086314072     
  0.22500001068692654        98.695970534043610     
  0.22700001078192145        97.196847536583320     
  0.22900001087691635        95.590113321001809     
  0.23100001097191125        92.055497589144977     
  0.23300001106690615        88.043699638818580     
  0.23500001116190106        82.490457276206740     
  0.23700001125689596        77.603674867035394     
  0.23900001135189086        70.757517671611666     
  0.24100001144688576        66.304423045919393     
  0.24300001154188067        60.788366148890553     
  0.24500001163687557        55.263062012392943     
  0.24700001173187047        50.082145236709380     
  0.24900001182686538        45.274739463122216     
  0.25100001192186028        40.988300482252065     
  0.25300001201685518        36.902334266952224     
  0.25500001211185008        33.779210590181634     
  0.25700001220684499        29.377489789883075     
  0.25900001230183989        27.098052757813313     
  0.26100001239683479        24.416922972631298     
  0.26300001249182969        22.040624146013915     
  0.26500001258682460        20.081183135174232     
  0.26700001268181950        18.154104878642173     
  0.26900001277681440        16.519596114488564     
  0.27100001287180930        15.181451669401262     
  0.27300001296680421        13.681500840928756     
  0.27500001306179911        12.386190942938256     
  0.27700001315679401        11.465167957091746     
  0.27900001325178891        10.549690147643158     
  0.28100001334678382        9.5735999340940747     
  0.28300001344177872        9.0155659305080356     
  0.28500001353677362        8.4555900132895641     
  0.28700001363176852        7.9860386676200159     
  0.28900001372676343        7.1450315890007401     
  0.29100001382175833        6.1948862021741515     
  0.29300001391675323        4.8790545514092596     
  0.29500001401174814        2.7785899799062319     
  0.29700001410674304      -0.51231994496248212     
  0.29900001420173794       -5.2585957108214973     
  0.30100001429673284       -11.483428862100791     
  0.30300001439172775       -20.545134584518731     
  0.30500001448672265       -30.494619543267110     
  0.30700001458171755       -41.588405796873090     
  0.30900001467671245       -53.769101258186076     
  0.31100001477170736       -65.025586674768661     
  0.31300001486670226       -76.268008761961184     
  0.31500001496169716       -83.933912724443900     
  0.31700001505669206       -92.354018530553603     
  0.31900001515168697       -96.308324248264682     
  0.32100001524668187       -98.887312285573785     
  0.32300001534167677       -98.930421947749508     
  0.32500001543667167       -95.376184319807237     
  0.32700001553166658       -91.251520063018873     
  0.32900001562666148       -87.322615914244963     
  0.33100001572165638       -79.570895111987568     
  0.33300001581665128       -72.834903528698248     
  0.33500001591164619       -64.473092011552993     
  0.33700001600664109       -55.815570093514388     
  0.33900001610163599       -47.688874951547973     
  0.34100001619663090       -40.479308093290172     
  0.34300001629162580       -32.036711297128662     
  0.34500001638662070       -23.915516946672053     
  0.34700001648161560       -17.022205164895301     
  0.34900001657661051       -9.7241907589895824     
  0.35100001667160541       -3.4025673136259882     
  0.35300001676660031        1.8688055508111192     
  0.35500001686159521        7.1932046206138436     
  0.35700001695659012        12.591675140735584     
  0.35900001705158502        15.827366884554758     
  0.36100001714657992        19.327197102527702     
  0.36300001724157482        22.612220415710148     
  0.36500001733656973        24.096586007111107     
  0.36700001743156463        25.203053125316707     
  0.36900001752655953        26.484804794331215     
  0.37100001762155443        27.395723953546707     
  0.37300001771654934        28.125651625255855     
  0.37500001781154424        27.719725000696201     
  0.37700001790653914        27.825033376355989     
  0.37900001800153404        26.624694411698211     
  0.38100001809652895        25.305078509526982     
  0.38300001819152385        25.077121945286397     
  0.38500001828651875        24.364483561476639     
  0.38700001838151366        23.299283053159620     
  0.38900001847650856        21.925911857552084     
  0.39100001857150346        21.291872484093513     
  0.39300001866649836        20.400993421492412     
  0.39500001876149327        19.594026647979600     
  0.39700001885648817        18.503745377849317     
  0.39900001895148307        17.591045211946859     
  0.40100001904647797        16.946215319306408     
  0.40300001914147288        16.053720393735372     
  0.40500001923646778        15.595369219906306     
  0.40700001933146268        14.114035026623828     
  0.40900001942645758        14.024723669323928     
  0.41100001952145249        13.203767309609574     
  0.41300001961644739        12.195354188933454     
  0.41500001971144229        11.501406259192095     
  0.41700001980643719        11.306979826220235     
  0.41900001990143210        10.862163682127656     
  0.42100001999642700        10.489963789520701     
  0.42300002009142190        9.8199026970808223     
  0.42500002018641680        9.1330198446258990     
  0.42700002028141171        8.6832799784444727     
  0.42900002037640661        8.2241018910086385     
  0.43100002047140151        7.9337246261167378     
  0.43300002056639642        7.3398607787461030     
  0.43500002066139132        6.7930944058399971     
  0.43700002075638622        6.2551240922974367     
  0.43900002085138112        5.5884083624432908     
  0.44100002094637603        4.4704989243961375     
  0.44300002104137093        3.8141517179648496     
  0.44500002113636583        3.3030871765708150     
  0.44700002123136073        2.8296895567319726     
  0.44900002132635564        2.1805630088743295     
  0.45100002142135054        1.5917264847629418     
  0.45300002151634544       0.99017269664530627     
  0.45500002161134034       0.77378645296032278     
  0.45700002170633525       0.28178206210524059     
  0.45900002180133015      -0.86520823643281186     
  0.46100002189632505      -0.61571565878814649     
  0.46300002199131995       -1.3765639778812255     
  0.46500002208631486       -1.8833523102880174     
  0.46700002218130976       -2.7927645689571476     
  0.46900002227630466       -2.9207853488348308     
  0.47100002237129956       -3.5010835600230621     
  0.47300002246629447       -3.4670165316775856     
  0.47500002256128937       -4.6747723054812989     
  0.47700002265628427       -4.3310562307656193     
  0.47900002275127918       -4.8843827468654615     
  0.48100002284627408       -5.2468953768801709     
  0.48300002294126898       -5.4232680922478895     
  0.48500002303626388       -5.7621547623653067     
  0.48700002313125879       -6.4024499728292712     
  0.48900002322625369       -6.2056225680587973     
  0.49100002332124859       -6.4937050158013943     
  0.49300002341624349       -6.5944517711568880     
  0.49500002351123840       -6.6727157912064712     
  0.49700002360623330       -7.4690379113995755     
  0.49900002370122820       -7.2359217751010281     
  0.50100002379622310       -7.9945116964493890     
  0.50300002389121801       -8.0663581383675922     
  0.50500002398621291       -7.4438725674200370     
  0.50700002408120781       -7.4849718596182715     
  0.50900002417620271       -7.3670386077640382     
  0.51100002427119762       -7.2223048041087816     
  0.51300002436619252       -7.5825851147345400     
  0.51500002446118742       -7.1906576177329571     
  0.51700002455618232       -7.5805252942620402     
  0.51900002465117723       -6.4999289616522384     
  0.52100002474617213       -6.3184228027987892     
  0.52300002484116703       -6.1906652287336348     
  0.52500002493616194       -5.8945899090978919     
  0.52700002503115684       -5.7892186838043491     
  0.52900002512615174       -5.1646469990249022     
  0.53100002522114664       -5.0749817074194858     
  0.53300002531614155       -5.1550858774662327     
  0.53500002541113645       -4.5227697641071725     
  0.53700002550613135       -4.4926518923669629     
  0.53900002560112625       -3.9561482932686465     
  0.54100002569612116       -3.3600326678064083     
  0.54300002579111606       -3.4800176110555139     
  0.54500002588611096       -2.8430980508891723     
  0.54700002598110586       -2.4430647340955161     
  0.54900002607610077       -2.6423709475698769     
  0.55100002617109567       -1.7117879670583436     
  0.55300002626609057       -1.7005313499562729     
  0.55500002636108547       -1.0581967592191992     
  0.55700002645608038      -0.54840488998245318     
  0.55900002655107528      -0.49484167236028753     
  0.56100002664607018      -0.26092986409545449     
  0.56300002674106508       -5.3199036030358892E-004
  0.56500002683605999       -8.5573377744416479E-002
  0.56700002693105489       0.52608433997206461     
  0.56900002702604979       0.89739016772619928     
  0.57100002712104470        1.2769369049970216     
  0.57300002721603960        1.8160323510517811     
  0.57500002731103450        2.1849139839761591     
  0.57700002740602940        2.3521291235008603     
  0.57900002750102431        2.6739200782432349     
  0.58100002759601921        2.0201306718401990     
  0.58300002769101411        2.7980957890024483     
  0.58500002778600901        3.1721946367013474     
  0.58700002788100392        3.2563207994614234     
  0.58900002797599882        3.4174888037293192     
  0.59100002807099372        4.0736635223383519     
  0.59300002816598862        3.4103814618132278     
  0.59500002826098353        3.7142394617695436     
  0.59700002835597843        4.0560636786433246     
  0.59900002845097333        4.0788398104050216     
  0.60100002854596823        4.6385607347567630     
  0.60300002864096314        4.6713759541300508     
  0.60500002873595804        4.2954842342693658     
  0.60700002883095294        4.6621854046859772     
  0.60900002892594784        4.6538921104019328     
  0.61100002902094275        4.6221195606443013     
  0.61300002911593765        4.1791626895620233     
  0.61500002921093255        4.4262115135149349     
  0.61700002930592746        4.3736439382542951     
  0.61900002940092236        4.4624903346985416     
  0.62100002949591726        4.4101808328427206     
  0.62300002959091216        4.1177620561342954     
  0.62500002968590707        3.9740339652526702     
  0.62700002978090197        3.8976791642866306     
  0.62900002987589687        3.9355843305648914     
  0.63100002997089177        3.5460350051413769     
  0.63300003006588668        3.2597982379885933     
  0.63500003016088158        3.1824226481848652     
  0.63700003025587648        3.2838159899631578     
  0.63900003035087138        3.1984558521335864     
  0.64100003044586629        3.1342049240357133     
  0.64300003054086119        2.5886134995035945     
  0.64500003063585609        2.2353562609878015     
  0.64700003073085099        2.2719104343752363     
  0.64900003082584590        2.1738576485814565     
  0.65100003092084080        1.7483112139172647     
  0.65300003101583570        1.6280778744820588     
  0.65500003111083061        1.0352705085299472     
  0.65700003120582551       0.99459972350824433     
  0.65900003130082041       0.84296524693802710     
  0.66100003139581531       0.78538422264028451     
  0.66300003149081022        8.4778532918097727E-002
  0.66500003158580512       0.38321584093120165     
  0.66700003168080002       0.11029656952504276     
  0.66900003177579492       -8.9669636123960839E-002
  0.67100003187078983      -0.10561479388019342     
  0.67300003196578473      -0.60498405232847285     
  0.67500003206077963      -0.28238243828674880     
  0.67700003215577453      -0.55002768377299671     
  0.67900003225076944      -0.89278919630946674     
  0.68100003234576434       -1.0780804512040234     
  0.68300003244075924       -1.1321423726911881     
  0.68500003253575414       -1.4698156452198294     
  0.68700003263074905       -1.9611032494065395     
  0.68900003272574395       -1.6375070783694674     
  0.69100003282073885       -1.9660104988707872     
  0.69300003291573375       -1.6667615388849004     
  0.69500003301072866       -1.7402685154779884     
  0.69700003310572356       -1.9933977854156775     
  0.69900003320071846       -2.1190184238468115     
  0.70100003329571337       -2.3869551131386162     
  0.70300003339070827       -2.4774591549045049     
  0.70500003348570317       -2.4637618644571289     
  0.70700003358069807       -2.6401082589589464     
  0.70900003367569298       -2.2642898710946380     
  0.71100003377068788       -2.3589773638274050     
  0.71300003386568278       -2.3434399593791126     
  0.71500003396067768       -2.5252859784493515     
  0.71700003405567259       -2.7421341274780944     
  0.71900003415066749       -2.2128337558510434     
  0.72100003424566239       -2.6096138573780521     
  0.72300003434065729       -2.0893828944755031     
  0.72500003443565220       -2.5664612285839641     
  0.72700003453064710       -2.2961667110166775     
  0.72900003462564200       -2.1312825473432153     
  0.73100003472063690       -2.1149027796842583     
  0.73300003481563181       -1.6834551858270850     
  0.73500003491062671       -2.1462580210027187     
  0.73700003500562161       -1.7316665863741412     
  0.73900003510061651       -1.7976455689188040     
  0.74100003519561142       -1.5656120701318843     
  0.74300003529060632       -1.7111426811965034     
  0.74500003538560122       -1.8575205940272357     
  0.74700003548059613       -1.6300108242841702     
  0.74900003557559103       -1.5723232482873442     
  0.75100003567058593       -1.6255495479944710     
  0.75300003576558083       -1.6335799735329841     
  0.75500003586057574      -0.95313054629361882     
  0.75700003595557064       -1.0690410835382991     
  0.75900003605056554      -0.78914551775553399     
  0.76100003614556044      -0.98765960000587627     
  0.76300003624055535      -0.44026612651879343     
  0.76500003633555025      -0.50193333825315911     
  0.76700003643054515      -0.57585079681706541     
  0.76900003652554005      -0.30824339466899081     
  0.77100003662053496      -0.29388117333633601     
  0.77300003671552986      -0.24410568097536212     
  0.77500003681052476      -0.26783401888750175     
  0.77700003690551966       -9.6918839827141293E-002
  0.77900003700051457        5.5018791363388893E-002
  0.78100003709550947       0.32261871740941372     
  0.78300003719050437       -1.5952371048190278E-002
  0.78500003728549927       0.10672006177332978     
  0.78700003738049418       0.46364540375429047     
  0.78900003747548908       0.71754431622138959     
  0.79100003757048398       0.84301355027758973     
  0.79300003766547889       0.74652376110600793     
  0.79500003776047379       0.76891883534285588     
  0.79700003785546869       0.92354607598871163     
  0.79900003795046359       0.87957212503391080     
  0.80100003804545850       0.82919202240056344     
  0.80300003814045340       0.96785161565647482     
  0.80500003823544830        1.0023405579262605     
  0.80700003833044320       0.91271006322863113     
  0.80900003842543811       0.96411208806674364     
  0.81100003852043301        1.1554911908674625     
  0.81300003861542791        1.1697122526716022     
  0.81500003871042281        1.1985042387711100     
  0.81700003880541772        1.1075088998794747     
  0.81900003890041262        1.2999526323264488     
  0.82100003899540752        1.2013142703167010     
  0.82300003909040242        1.3289226227422521     
  0.82500003918539733        1.1904366568873068     
  0.82700003928039223        1.3841469078933331     
  0.82900003937538713        1.3919528391459044     
  0.83100003947038203        1.4030862666658706     
  0.83300003956537694        1.1472677835742162     
  0.83500003966037184        1.1509688117565817     
  0.83700003975536674       0.94906654322996287     
  0.83900003985036165        1.3091428806968219     
  0.84100003994535655       0.98130537840125376     
  0.84300004004035145        1.0383480932028166     
  0.84500004013534635        1.0835046960001418     
  0.84700004023034126       0.62686930166848176     
  0.84900004032533616       0.87634114171091437     
  0.85100004042033106       0.75371019312615284     
  0.85300004051532596       0.64519646461700342     
  0.85500004061032087       0.92751865864315208     
  0.85700004070531577       0.52806453902507067     
  0.85900004080031067       0.61953237039511155     
  0.86100004089530557       0.40898200392854028     
  0.86300004099030048       0.71908415185595720     
  0.86500004108529538       0.51045423027557046     
  0.86700004118029028       0.20795164296574467     
  0.86900004127528518       0.17752045133877259     
  0.87100004137028009       0.32051604039076059     
  0.87300004146527499       0.26041667817682329     
  0.87500004156026989       0.23081604589593852     
  0.87700004165526479        8.3750035019071037E-002
  0.87900004175025970      -0.10279310364414641     
  0.88100004184525460      -0.14165000746287754     
  0.88300004194024950       -4.3903127047062951E-002
  0.88500004203524441      -0.11862763765476533     
  0.88700004213023931        1.0930593959056845E-002
  0.88900004222523421      -0.20717461198864295     
  0.89100004232022911       -6.0535520219494536E-002
  0.89300004241522402      -0.27848620372885891     
  0.89500004251021892      -0.19556470264716491     
  0.89700004260521382      -0.46651015652572386     
  0.89900004270020872      -0.54226019543931669     
  0.90100004279520363      -0.64329837509161958     
  0.90300004289019853      -0.36479082944874602     
  0.90500004298519343      -0.30800322771668837     
  0.90700004308018833      -0.44521119896822925     
  0.90900004317518324      -0.37141929018313918     
  0.91100004327017814      -0.50937592521445696     
  0.91300004336517304      -0.34814499089486600     
  0.91500004346016794      -0.43101503681450992     
  0.91700004355516285      -0.21456848931490682     
  0.91900004365015775      -0.49495571356121487     
  0.92100004374515265      -0.49658547491196509     
  0.92300004384014755      -0.27888710266877320     
  0.92500004393514246      -0.56127714677190299     
  0.92700004403013736      -0.60536393079301931     
  0.92900004412513226      -0.41382370950032094     
  0.93100004422012717      -0.54200412579783919     
  0.93300004431512207      -0.71751095048444080     
  0.93500004441011697      -0.67104562732653528     
  0.93700004450511187      -0.54795315813801537     
  0.93900004460010678      -0.54294401874193177     
  0.94100004469510168      -0.52007179233652412     
  0.94300004479009658      -0.47899480946732298     
  0.94500004488509148      -0.47621416839563363     
  0.94700004498008639      -0.52008348800093751     
  0.94900004507508129      -0.67629498253851184     
  0.95100004517007619      -0.27631726338738227     
  0.95300004526507109      -0.23449759838165851     
  0.95500004536006600      -0.38198334248773536     
  0.95700004545506090      -0.42071033430126464     
  0.95900004555005580      -0.16574943934934139     
  0.96100004564505070      -0.28374295787365350     
  0.96300004574004561      -0.13946448997442740     
  0.96500004583504051       -6.1023361611541982E-002
  0.96700004593003541       -7.8623866182306101E-002
  0.96900004602503031      -0.50194382205724852     
  0.97100004612002522      -0.22820915892790267     
  0.97300004621502012        3.6335014958607102E-002
  0.97500004631001502       0.12718350264773207     
  0.97700004640500993      -0.10829096025171804     
  0.97900004650000483      -0.24296804167064748     
  0.98100004659499973       0.21884936081871390     
  0.98300004668999463        6.1077586608789848E-003
  0.98500004678498954      -0.11731462912275262     
  0.98700004687998444        1.1597419271010781E-002
  0.98900004697497934       0.11705717865767513     
  0.99100004706997424       0.16397473003134574     
  0.99300004716496915        1.6245982116472199E-002
  0.99500004725996405        4.0026034364392997E-002
  0.99700004735495895      -0.11654329272258024     
  0.99900004744995385       0.20005139779710573     
   1.0010000475449488      -0.18191914401575596     
   1.0030000476399437       0.17147256055771573     
   1.0050000477349386       0.18247732441772926     
   1.0070000478299335        6.6681643925198958E-002
   1.0090000479249284       0.15370447465527531     
   1.0110000480199233       0.17470869375525844     
   1.0130000481149182       0.13868976879969749     
   1.0150000482099131        2.7825162269046955E-002
   1.0170000483049080        8.2332317783243500E-002
   1.0190000483999029       0.35645690052998147     
   1.0210000484948978       0.19686112585865070     
   1.0230000485898927       0.50336223444260120     
   1.0250000486848876       0.15038784346047207     
   1.0270000487798825       0.43645817455602848     
   1.0290000488748774       0.20703009213726656     
   1.0310000489698723       0.28443552162363939     
   1.0330000490648672       0.58436895739517658     
   1.0350000491598621       0.32584459395987486     
   1.0370000492548570       0.34199442581496792     
   1.0390000493498519       0.27226208574556177     
   1.0410000494448468       0.27759667938404980     
   1.0430000495398417       0.12943112764458065     
   1.0450000496348366       0.29029940463129006     
   1.0470000497298315       0.45824529771272832     
   1.0490000498248264       0.14971470714207874     
   1.0510000499198213       0.27951414499458022     
   1.0530000500148162       0.14173595972831823     
   1.0550000501098111       0.34951317764511003     
   1.0570000502048060        1.0866843225254752E-002
   1.0590000502998009       0.27530703193146644     
   1.0610000503947958       0.11129583873478688     
   1.0630000504897907       0.19041669657329396     
   1.0650000505847856       0.38728385607095511     
   1.0670000506797805       0.33680808158762626     
   1.0690000507747754       0.27814856697242907     
   1.0710000508697703      -0.16229719534874967     
   1.0730000509647653       0.23228684894198418     
   1.0750000510597602       0.14270618965483153     
   1.0770000511547551        5.1317345483706499E-002
   1.0790000512497500        6.3583219717936165E-002
   1.0810000513447449        6.2482355559969435E-002
   1.0830000514397398      -0.10193192073839316     
   1.0850000515347347        7.2478955630414107E-002
   1.0870000516297296       -8.4057620807256553E-002
   1.0890000517247245      -0.10777904556568567     
   1.0910000518197194       0.11531765209624270     
   1.0930000519147143       -6.6058151597803427E-002
   1.0950000520097092       0.16833979759506890     
   1.0970000521047041        7.9729657834833462E-002
   1.0990000521996990      -0.11573908248293187     
   1.1010000522946939      -0.15872008829118273     
   1.1030000523896888      -0.24629596290694039     
   1.1050000524846837      -0.24388609161256691     
   1.1070000525796786      -0.21465956641631678     
   1.1090000526746735      -0.16151136583174489     
   1.1110000527696684       -8.4426978964141031E-002
   1.1130000528646633      -0.24052881591336547     
   1.1150000529596582      -0.35454938907453315     
   1.1170000530546531      -0.12866235474158452     
   1.1190000531496480      -0.11648683035739214     
   1.1210000532446429       -7.5412959497060242E-002
   1.1230000533396378      -0.22944503562495036     
   1.1250000534346327      -0.44233767793788831     
   1.1270000535296276      -0.13701015592131213     
   1.1290000536246225      -0.21960443163332449     
   1.1310000537196174      -0.19272722088248673     
   1.1330000538146123       -4.6369859739183235E-002
   1.1350000539096072      -0.26192458383592149     
   1.1370000540046021      -0.16500248826614328     
   1.1390000540995970      -0.30948018300892999     
   1.1410000541945919      -0.12719238095533728     
   1.1430000542895868       -6.8020379865538869E-002
   1.1450000543845817       -8.5789820567980790E-002
   1.1470000544795766      -0.23173545750671426     
   1.1490000545745715      -0.22658672264030452     
   1.1510000546695665      -0.29007785676834619     
   1.1530000547645614      -0.17757847478875463     
   1.1550000548595563       -6.6867117856910172E-002
   1.1570000549545512      -0.19726313961552430     
   1.1590000550495461       -5.6740409323557943E-002
   1.1610000551445410      -0.16175398444852054     
   1.1630000552395359        6.2334930154604674E-004
   1.1650000553345308       -2.0872685705339906E-002
   1.1670000554295257        1.7581970026455354E-002
   1.1690000555245206        8.5141436213022892E-003
   1.1710000556195155       -2.2503921455354559E-002
   1.1730000557145104       -2.9167676661075274E-002
   1.1750000558095053        3.6640924755030967E-002
   1.1770000559045002       0.14095371884668140     
   1.1790000559994951       -6.9752718740005909E-002
   1.1810000560944900       -3.2763508419634192E-002
   1.1830000561894849       -8.5547981208918669E-002
   1.1850000562844798      -0.19837833849855960     
   1.1870000563794747       -6.3430091559562776E-003
   1.1890000564744696       -2.6479523894123547E-002
   1.1910000565694645       0.10294737478340633     
   1.1930000566644594       0.30176506825394056     
   1.1950000567594543       -3.4952384435412799E-002
   1.1970000568544492       -5.7784864550939875E-002
   1.1990000569494441        3.9645987775707076E-002
   1.2010000570444390        6.7571371294616295E-002
   1.2030000571394339       0.11966305831661249     
   1.2050000572344288       -9.0814159720080653E-002
   1.2070000573294237        3.8543451579835256E-002
   1.2090000574244186       0.20361652358112195     
   1.2110000575194135       0.11532768047110381     
   1.2130000576144084        2.3264586995995810E-002
   1.2150000577094033        2.0789294113065133E-002
   1.2170000578043982       0.11851968393680694     
   1.2190000578993931       0.11461326235292725     
   1.2210000579943880       0.11333324031679821     
   1.2230000580893829       0.13009895474048072     
   1.2250000581843778       0.17147597033576517     
   1.2270000582793728       0.17371750592917987     
   1.2290000583743677        5.1465722397227659E-002
   1.2310000584693626        2.2144092369955515E-002
   1.2330000585643575       -9.9824529142698891E-004
   1.2350000586593524        7.4073318562948465E-002
   1.2370000587543473        5.3557190253079326E-002
   1.2390000588493422       -6.4808252903784461E-002
   1.2410000589443371        1.9270368525614329E-002
   1.2430000590393320      -0.13096640440449586     
   1.2450000591343269        9.3884307841244477E-002
   1.2470000592293218        9.8246300755158375E-002
   1.2490000593243167        9.7499542385235477E-002
   1.2510000594193116       0.26204137405432021     
   1.2530000595143065       0.10944425244111712     
   1.2550000596093014       0.14774491829530251     
   1.2570000597042963       0.11792683433867351     
   1.2590000597992912        2.3829639710594725E-002
   1.2610000598942861       0.10254564456315662     
   1.2630000599892810        7.3890974330284395E-002
   1.2650000600842759       0.13498608372968082     
   1.2670000601792708       0.12909801727107034     
   1.2690000602742657       0.14293228170241912     
   1.2710000603692606       0.13183574240670329     
   1.2730000604642555      -0.19375092712817488     
   1.2750000605592504        5.6532351816386481E-002
   1.2770000606542453        5.7389456147686951E-002
   1.2790000607492402       0.13957206249651682     
   1.2810000608442351        8.8681587189375341E-002
   1.2830000609392300        2.3561093604717510E-002
   1.2850000610342249      -0.11376269116967522     
   1.2870000611292198        4.0517897384230131E-002
   1.2890000612242147        2.2428868319748132E-002
   1.2910000613192096       -1.5884300349573728E-002
   1.2930000614142045       -1.8558449779474701E-002
   1.2950000615091994      -0.21990250125704108     
   1.2970000616041943      -0.15938156812064938     
   1.2990000616991892        8.6140995657157104E-002
   1.3010000617941841      -0.10082003484380195     
   1.3030000618891791      -0.17648976322128918     
   1.3050000619841740       -4.0299003780914472E-002
   1.3070000620791689      -0.14234263786439427     
   1.3090000621741638       -5.2452819858063437E-002
   1.3110000622691587       -5.0723134657835782E-002
   1.3130000623641536        5.6144001902860764E-002
   1.3150000624591485        3.3252461474391481E-002
   1.3170000625541434       -1.4582790444821116E-003
   1.3190000626491383      -0.10894257753324173     
   1.3210000627441332        1.9326147366730616E-004
   1.3230000628391281        5.4913116738275300E-002
   1.3250000629341230       -3.2560335301715641E-002
   1.3270000630291179        8.9821834301195599E-002
   1.3290000631241128        5.2031634370251816E-002
   1.3310000632191077        7.2530352477420512E-002
   1.3330000633141026        8.7591573896806177E-002
   1.3350000634090975       -8.0517068921841448E-002
   1.3370000635040924        1.1225484000757414E-002
   1.3390000635990873       -9.6025265510031016E-002
   1.3410000636940822       -1.8003817495154641E-002
   1.3430000637890771       -6.5256582561100909E-002
   1.3450000638840720      -0.11549087374758799     
   1.3470000639790669       -5.1765561992133197E-002
   1.3490000640740618      -0.12815017705736195     
   1.3510000641690567       -6.7904346042674521E-002
   1.3530000642640516        2.5331332230776098E-002
   1.3550000643590465        3.8022676206305797E-002
   1.3570000644540414       -7.9667371406717258E-002
   1.3590000645490363       -9.6141388199810454E-002
   1.3610000646440312       -9.2217665995230805E-002
   1.3630000647390261       -4.6563603757722283E-002
   1.3650000648340210       -9.0410967584890339E-002
   1.3670000649290159       -7.1016397065551629E-002
   1.3690000650240108        9.5371782811245163E-003
   1.3710000651190057        4.1984779419379517E-002
   1.3730000652140006        3.2917563100726570E-002
   1.3750000653089955       -4.0135442010897143E-003
   1.3770000654039904       -6.8565781524033323E-002
   1.3790000654989854       -3.8218150914863254E-002
   1.3810000655939803        2.0866306351707511E-002
   1.3830000656889752        3.0415549604809057E-002
   1.3850000657839701        3.3756126944707789E-002
   1.3870000658789650       0.11228381027230676     
   1.3890000659739599       -7.6301080235564450E-002
   1.3910000660689548        9.7084939738354623E-002
   1.3930000661639497        9.8891955315414504E-002
   1.3950000662589446        4.0119315139948993E-002
   1.3970000663539395        7.6034517630798257E-002
   1.3990000664489344      -0.12208304604191580     
   1.4010000665439293        2.5171684829016501E-002
   1.4030000666389242        8.6265086930143689E-002
   1.4050000667339191       -8.7728101522683122E-002
   1.4070000668289140      -0.27606526879587440     
   1.4090000669239089        8.7655394264977773E-002
   1.4110000670189038        4.8615952780557810E-002
   1.4130000671138987      -0.19137998608405932     
   1.4150000672088936       -1.8191219259984268E-002
   1.4170000673038885       -5.2320186501092165E-002
   1.4190000673988834       -8.5419361007174587E-003
   1.4210000674938783       -2.1962841646112046E-002
   1.4230000675888732       0.16496644412446640     
   1.4250000676838681       -7.0003343613442223E-002
   1.4270000677788630       -7.5355400841737100E-003
   1.4290000678738579       -5.5739138717484031E-002
   1.4310000679688528        6.9664581768820427E-002
   1.4330000680638477       -7.1030466264621575E-002
   1.4350000681588426       -2.0553739994364485E-002
   1.4370000682538375       -1.2493923250989081E-002
   1.4390000683488324       -1.9625304061205946E-002
   1.4410000684438273      -0.16103329975340364     
   1.4430000685388222       0.11952937127518072     
   1.4450000686338171        4.2801709534469080E-003
   1.4470000687288120       -4.7354494399506751E-002
   1.4490000688238069       -2.1604113461074929E-002
   1.4510000689188018       -9.6510188222284299E-002
   1.4530000690137967        9.9359659042537865E-002
   1.4550000691087916        6.0375975388729679E-002
   1.4570000692037866      -0.19151334773173670     
   1.4590000692987815        9.0701787134293055E-002
   1.4610000693937764       -4.8426266105139330E-002
   1.4630000694887713       -1.4023366736291286E-002
   1.4650000695837662       -1.5870735798195573E-002
   1.4670000696787611       -1.0969548434943853E-003
   1.4690000697737560       -3.5710304280668827E-002
   1.4710000698687509       0.11946419248516156     
   1.4730000699637458       -5.0904567151202035E-002
   1.4750000700587407       0.18345736866008280     
   1.4770000701537356        3.4087766148944328E-002
   1.4790000702487305        7.7087612488436652E-002
   1.4810000703437254        1.8451091732041268E-003
   1.4830000704387203       0.13877691097478348     
   1.4850000705337152        4.3356188447963066E-002
   1.4870000706287101        7.7099251605704106E-002
   1.4890000707237050        8.3204893785984571E-002
   1.4910000708186999        3.7091510219583075E-002
   1.4930000709136948       -7.7161649080633790E-003
   1.4950000710086897       -8.2991047154292313E-002
   1.4970000711036846       -4.5222213504225929E-002
   1.4990000711986795        9.2904836615587932E-002
   1.5010000712936744       0.10829990900404494     
   1.5030000713886693       -4.9116665788364544E-002
   1.5050000714836642       -1.1613751894394116E-002
   1.5070000715786591       0.12481367031939526     
   1.5090000716736540       -9.3528897882058398E-002
   1.5110000717686489       0.11366601570528929     
   1.5130000718636438       0.25973196310836405     
   1.5150000719586387       -2.2260673974389081E-002
   1.5170000720536336        1.7878851253627547E-002
   1.5190000721486285        1.5566285886024515E-002
   1.5210000722436234       -3.7537880524139922E-002
   1.5230000723386183        8.9490965411122059E-002
   1.5250000724336132        2.4942484000036440E-002
   1.5270000725286081        1.2510912199880366E-002
   1.5290000726236030       0.18717305927016639     
   1.5310000727185979      -0.20812248359421881     
   1.5330000728135929       -3.8244047335853210E-002
   1.5350000729085878       -3.0773198898958291E-003
   1.5370000730035827       -8.2443267749490998E-002
   1.5390000730985776       -5.0974940892442942E-002
   1.5410000731935725        2.6912551934544750E-002
   1.5430000732885674       -7.4366680351653390E-003
   1.5450000733835623        2.3523839883188929E-002
   1.5470000734785572       0.10745092664156337     
   1.5490000735735521        3.5209174213084921E-002
   1.5510000736685470       -3.2665045707708562E-002
   1.5530000737635419       -8.1032917191869530E-002
   1.5550000738585368       -3.5007724284505083E-002
   1.5570000739535317        8.4720988195153862E-002
   1.5590000740485266        3.4481417274708971E-002
   1.5610000741435215        7.8889643798766319E-003
   1.5630000742385164        2.9818565095831275E-002
   1.5650000743335113       0.10816044154102436     
   1.5670000744285062        1.6550076288673141E-002
   1.5690000745235011       -1.7809364037895702E-002
   1.5710000746184960       -7.6590374522277141E-002
   1.5730000747134909       -5.0089978430335656E-002
   1.5750000748084858       -2.3723855039766338E-002
   1.5770000749034807       -6.1159524752756066E-002
   1.5790000749984756       -4.9371867111802289E-003
   1.5810000750934705       -6.8203767797185122E-002
   1.5830000751884654       0.13464995434231003     
   1.5850000752834603       -3.0741701170023908E-002
   1.5870000753784552       -2.3165581012302840E-002
   1.5890000754734501        4.4478218784202911E-002
   1.5910000755684450      -0.16420921179117914     
   1.5930000756634399       -3.9935936461258682E-002
   1.5950000757584348      -0.13402343014416054     
   1.5970000758534297        8.9720351831074102E-002
   1.5990000759484246      -0.11224928439095805     
   1.6010000760434195        6.6444595642494424E-003
   1.6030000761384144       -4.0423565807138337E-002
   1.6050000762334093       0.10637124563672651     
   1.6070000763284042        4.3356805793623186E-002
   1.6090000764233992       -6.0379373072780941E-002
   1.6110000765183941       -7.3029139595045575E-002
   1.6130000766133890       -3.4350106549778887E-002
   1.6150000767083839       -2.1787419795206847E-002
   1.6170000768033788       -3.4244863168370603E-002
   1.6190000768983737        8.7491560963101050E-003
   1.6210000769933686       0.10980065582204472     
   1.6230000770883635        5.0380056138030926E-002
   1.6250000771833584       0.11992502338433124     
   1.6270000772783533       -2.0766506810723014E-002
   1.6290000773733482       -7.9430774859736795E-003
   1.6310000774683431       -3.2962214141209804E-002
   1.6330000775633380      -0.12419098425761052     
   1.6350000776583329        3.6333557661491427E-002
   1.6370000777533278       -1.7996565426673557E-002
   1.6390000778483227        3.5654256459785837E-002
   1.6410000779433176       -4.4521869692463335E-002
   1.6430000780383125        1.8177695235479688E-002
   1.6450000781333074       -9.1789266235725975E-002
   1.6470000782283023       -3.9162851611929374E-002
   1.6490000783232972       -4.5269167191858946E-003
   1.6510000784182921        5.2026283781430635E-002
   1.6530000785132870      -0.18452127105789298     
   1.6550000786082819      -0.16369797142864972     
   1.6570000787032768       -5.8958601408449780E-002
   1.6590000787982717       -7.7809371196813524E-003
   1.6610000788932666       -1.4852103449747588E-002
   1.6630000789882615       -2.4389137934494893E-002
   1.6650000790832564       -6.5753394094937773E-002
   1.6670000791782513        9.8423908547961583E-002
   1.6690000792732462      -0.10272830593353145     
   1.6710000793682411       -1.0930666213419277E-002
   1.6730000794632360        6.5065808580427927E-003
   1.6750000795582309        3.9306926198776564E-002
   1.6770000796532258       -9.3356260078462039E-002
   1.6790000797482207       -8.6554190071939721E-002
   1.6810000798432156        7.6203764901223159E-002
   1.6830000799382105        5.2924222579849363E-002
   1.6850000800332054        3.1120920555868264E-002
   1.6870000801282004       0.12910647494655192     
   1.6890000802231953        5.4854168427834075E-002
   1.6910000803181902       -3.9510137967773739E-003
   1.6930000804131851      -0.10507236247771656     
   1.6950000805081800       -2.5237713706235823E-003
   1.6970000806031749       -8.6133074030689705E-002
   1.6990000806981698       -2.8740829890780958E-002
   1.7010000807931647        4.4175506505140315E-002
   1.7030000808881596      -0.10523743114398595     
   1.7050000809831545        5.9746080210930634E-002
   1.7070000810781494       -5.5555255654278343E-003
   1.7090000811731443        7.4131341290189889E-002
   1.7110000812681392      -0.16185542508940717     
   1.7130000813631341       -4.4650595240809721E-002
   1.7150000814581290       -1.2612912769896197E-003
   1.7170000815531239      -0.14322363585059364     
   1.7190000816481188       -3.1956354774627105E-002
   1.7210000817431137       -5.0043548236633241E-002
   1.7230000818381086       -5.2710651233613008E-002
   1.7250000819331035       0.10818042673869221     
   1.7270000820280984        2.5102631787896224E-002
   1.7290000821230933       -5.8663006055201236E-002
   1.7310000822180882       0.12712853906591415     
   1.7330000823130831       0.10892449763959008     
   1.7350000824080780        1.3444146760279805E-003
   1.7370000825030729        7.3381409701035460E-002
   1.7390000825980678        5.5759875765075872E-004
   1.7410000826930627       -3.7050805018615698E-002
   1.7430000827880576        3.8297927988391739E-002
   1.7450000828830525        4.0148387371192862E-002
   1.7470000829780474       -1.2707583964703419E-002
   1.7490000830730423        5.1816633856043126E-002
   1.7510000831680372        3.2723943615773819E-002
   1.7530000832630321        2.9192330171132836E-002
   1.7550000833580270        1.2318256380737693E-002
   1.7570000834530219        5.9539329205598205E-003
   1.7590000835480168       -5.1447144862986273E-002
   1.7610000836430117       -3.7845259748705590E-002
   1.7630000837380067       0.10134287253037272     
   1.7650000838330016       -5.9758627845355516E-002
   1.7670000839279965       0.10358490374041750     
   1.7690000840229914        5.0328289864707540E-002
   1.7710000841179863       -7.7956412153154866E-003
   1.7730000842129812       -2.4782520131876450E-002
   1.7750000843079761        1.3487292910207341E-002
   1.7770000844029710       -5.5323017927952918E-002
   1.7790000844979659        3.0423219839646878E-002
   1.7810000845929608        1.4193986444769614E-002
   1.7830000846879557        4.6729828361835923E-002
   1.7850000847829506       0.11156170155165181     
   1.7870000848779455       0.12826240348040815     
   1.7890000849729404        3.7038689149342392E-002
   1.7910000850679353        8.8421073643514550E-002
   1.7930000851629302        4.1122210122847572E-002
   1.7950000852579251        9.1586214166662454E-003
   1.7970000853529200       0.13190405793522220     
   1.7990000854479149        8.5083397321919441E-002
   1.8010000855429098        1.1904989629186310E-002
   1.8030000856379047      -0.12941960242015718     
   1.8050000857328996       -2.2824703356633096E-002
   1.8070000858278945       -7.4416397279794960E-002
   1.8090000859228894        4.9982222750594274E-002
   1.8110000860178843       -4.4730455137850953E-003
   1.8130000861128792        7.2949942431223283E-002
   1.8150000862078741       -3.9875410258131884E-002
   1.8170000863028690       0.13713723881010267     
   1.8190000863978639        7.1348295631052316E-004
   1.8210000864928588        5.9495885933528163E-002
   1.8230000865878537        9.9500490610344688E-002
   1.8250000866828486       0.12960901008090106     
   1.8270000867778435       -5.3346728266021090E-002
   1.8290000868728384        3.8813631676437414E-002
   1.8310000869678333        4.5669906878989759E-002
   1.8330000870628282       -4.6824988574690404E-002
   1.8350000871578231        8.0125141932579219E-003
   1.8370000872528180       -5.5515814094400047E-002
   1.8390000873478130       -3.1412178561161297E-002
   1.8410000874428079        2.4677153702363792E-002
   1.8430000875378028       -4.5176407129590583E-002
   1.8450000876327977        6.4942786283721826E-002
   1.8470000877277926       -5.0319342069300839E-002
   1.8490000878227875       -3.0925354416498161E-002
   1.8510000879177824      -0.17319182811942896     
   1.8530000880127773        3.0988423872035799E-002
   1.8550000881077722       -7.8700715425726916E-002
   1.8570000882027671        2.8703526759793121E-002
   1.8590000882977620        9.9538789589277334E-003
   1.8610000883927569       -2.2688936412443825E-002
   1.8630000884877518       0.13321793833860127     
   1.8650000885827467       -2.8118444303457421E-003
   1.8670000886777416        5.1617474433028172E-002
   1.8690000887727365       -3.2873767331838895E-002
   1.8710000888677314      -0.11233159851441810     
   1.8730000889627263        5.5757514057944782E-002
   1.8750000890577212      -0.16048866359915592     
   1.8770000891527161       -2.8095096249411818E-002
   1.8790000892477110      -0.20398441135023526     
   1.8810000893427059        2.8214027418106399E-002
   1.8830000894377008       -2.3731264186544736E-002
   1.8850000895326957       -1.0203207513075256E-002
   1.8870000896276906        7.6101469877449215E-002
   1.8890000897226855        8.6431242922496487E-002
   1.8910000898176804       -9.8556256073496148E-003
   1.8930000899126753       -9.3266008603581807E-002
   1.8950000900076702       -4.3576316503198272E-002
   1.8970000901026651        2.5116036008638588E-002
   1.8990000901976600      -0.10057995804181401     
   1.9010000902926549       0.13695088438608766     
   1.9030000903876498       -6.5654198737833777E-002
   1.9050000904826447       -1.8957941225956180E-002
   1.9070000905776396       -3.4590625142624051E-002
   1.9090000906726345       -6.9499078380927073E-002
   1.9110000907676294       -5.6055506662624995E-002
   1.9130000908626243       -1.7924235076598662E-002
   1.9150000909576192        1.5449793911759602E-002
   1.9170000910526142        3.9461645919913468E-003
   1.9190000911476091        2.4818201545978611E-002
   1.9210000912426040        7.1375188782098600E-002
   1.9230000913375989       -9.0743489976175012E-002
   1.9250000914325938       -7.5310841569283749E-002
   1.9270000915275887       0.11066570886774089     
   1.9290000916225836        4.7129176843058278E-003
   1.9310000917175785        1.3114581032031279E-002
   1.9330000918125734       -7.3560532930107864E-002
   1.9350000919075683       -2.7471910755432195E-002
   1.9370000920025632       -8.8178099116373476E-002
   1.9390000920975581      -0.12912401379862021     
   1.9410000921925530        2.3229360717821151E-002
   1.9430000922875479       -4.6988448956430395E-002
   1.9450000923825428        3.4321991935061226E-002
   1.9470000924775377       -6.4633054743909540E-002
   1.9490000925725326        2.0153623724060769E-002
   1.9510000926675275        6.9108430646785523E-003
   1.9530000927625224       -3.4174012876323427E-002
   1.9550000928575173        3.9266071643573102E-003
   1.9570000929525122        7.9252290966017535E-004
   1.9590000930475071        8.3879923947426813E-002
   1.9610000931425020        9.9977122143221943E-003
   1.9630000932374969        5.7588565662953152E-002
   1.9650000933324918       -2.1005882836035675E-002
   1.9670000934274867        2.6411001887659415E-002
   1.9690000935224816        7.0286334683540744E-002
   1.9710000936174765        1.9966666093472105E-003
   1.9730000937124714       -1.2995352263610864E-002
   1.9750000938074663       -4.9887596529311941E-002
   1.9770000939024612        4.0942451770372326E-002
   1.9790000939974561       -4.7318075882458011E-002
   1.9810000940924510        2.7070268963289841E-003
   1.9830000941874459        1.1277979286354524E-002
   1.9850000942824408        5.6276321653624235E-002
   1.9870000943774357        1.0933650914086039E-002
   1.9890000944724306       -6.6152022010715975E-002
   1.9910000945674255       -4.2282906926427527E-002
   1.9930000946624205       -5.0688647380465836E-002
   1.9950000947574154        8.3506791437057776E-002
   1.9970000948524103        3.7885485141281088E-002
   1.9990000949474052       -3.5024623641645284E-003
