   1.0000000474974513E-003   0.0000000000000000     
   3.0000001424923539E-003   0.0000000000000000     
   5.0000002374872565E-003   0.0000000000000000     
   7.0000003324821591E-003   0.0000000000000000     
   9.0000004274770617E-003   0.0000000000000000     
   1.1000000522471964E-002   0.0000000000000000     
   1.3000000617466867E-002   0.0000000000000000     
   1.5000000712461770E-002   0.0000000000000000     
   1.7000000807456672E-002   0.0000000000000000     
   1.9000000902451575E-002   0.0000000000000000     
   2.1000000997446477E-002   0.0000000000000000     
   2.3000001092441380E-002   0.0000000000000000     
   2.5000001187436283E-002   0.0000000000000000     
   2.7000001282431185E-002   0.0000000000000000     
   2.9000001377426088E-002   0.0000000000000000     
   3.1000001472420990E-002   0.0000000000000000     
   3.3000001567415893E-002   0.0000000000000000     
   3.5000001662410796E-002   0.0000000000000000     
   3.7000001757405698E-002   0.0000000000000000     
   3.9000001852400601E-002   0.0000000000000000     
   4.1000001947395504E-002   0.0000000000000000     
   4.3000002042390406E-002   0.0000000000000000     
   4.5000002137385309E-002   0.0000000000000000     
   4.7000002232380211E-002   0.0000000000000000     
   4.9000002327375114E-002   0.0000000000000000     
   5.1000002422370017E-002   0.0000000000000000     
   5.3000002517364919E-002   0.0000000000000000     
   5.5000002612359822E-002   0.0000000000000000     
   5.7000002707354724E-002   0.0000000000000000     
   5.9000002802349627E-002   0.0000000000000000     
   6.1000002897344530E-002   0.0000000000000000     
   6.3000002992339432E-002   0.0000000000000000     
   6.5000003087334335E-002   0.0000000000000000     
   6.7000003182329237E-002   0.0000000000000000     
   6.9000003277324140E-002   0.0000000000000000     
   7.1000003372319043E-002   0.0000000000000000     
   7.3000003467313945E-002   0.0000000000000000     
   7.5000003562308848E-002   0.0000000000000000     
   7.7000003657303751E-002   0.0000000000000000     
   7.9000003752298653E-002   0.0000000000000000     
   8.1000003847293556E-002   0.0000000000000000     
   8.3000003942288458E-002   0.0000000000000000     
   8.5000004037283361E-002   0.0000000000000000     
   8.7000004132278264E-002   0.0000000000000000     
   8.9000004227273166E-002   0.0000000000000000     
   9.1000004322268069E-002   0.0000000000000000     
   9.3000004417262971E-002   0.0000000000000000     
   9.5000004512257874E-002   0.0000000000000000     
   9.7000004607252777E-002   0.0000000000000000     
   9.9000004702247679E-002   0.0000000000000000     
  0.10100000479724258        0.0000000000000000     
  0.10300000489223748        0.0000000000000000     
  0.10500000498723239        0.0000000000000000     
  0.10700000508222729        0.0000000000000000     
  0.10900000517722219        0.0000000000000000     
  0.11100000527221709        0.0000000000000000     
  0.11300000536721200        0.0000000000000000     
  0.11500000546220690        0.0000000000000000     
  0.11700000555720180        0.0000000000000000     
  0.11900000565219671        0.0000000000000000     
  0.12100000574719161        0.0000000000000000     
  0.12300000584218651        0.0000000000000000     
  0.12500000593718141        0.0000000000000000     
  0.12700000603217632        0.0000000000000000     
  0.12900000612717122        0.0000000000000000     
  0.13100000622216612        0.0000000000000000     
  0.13300000631716102        0.0000000000000000     
  0.13500000641215593        0.0000000000000000     
  0.13700000650715083        0.0000000000000000     
  0.13900000660214573        0.0000000000000000     
  0.14100000669714063        0.0000000000000000     
  0.14300000679213554        0.0000000000000000     
  0.14500000688713044        0.0000000000000000     
  0.14700000698212534        0.0000000000000000     
  0.14900000707712024        0.0000000000000000     
  0.15100000717211515        0.0000000000000000     
  0.15300000726711005        0.0000000000000000     
  0.15500000736210495        0.0000000000000000     
  0.15700000745709985        0.0000000000000000     
  0.15900000755209476        0.0000000000000000     
  0.16100000764708966        0.0000000000000000     
  0.16300000774208456        0.0000000000000000     
  0.16500000783707947        0.0000000000000000     
  0.16700000793207437        0.0000000000000000     
  0.16900000802706927        0.0000000000000000     
  0.17100000812206417        0.0000000000000000     
  0.17300000821705908        0.0000000000000000     
  0.17500000831205398        0.0000000000000000     
  0.17700000840704888        0.0000000000000000     
  0.17900000850204378        0.0000000000000000     
  0.18100000859703869        0.0000000000000000     
  0.18300000869203359        0.0000000000000000     
  0.18500000878702849        0.0000000000000000     
  0.18700000888202339        0.0000000000000000     
  0.18900000897701830        0.0000000000000000     
  0.19100000907201320        0.0000000000000000     
  0.19300000916700810        0.0000000000000000     
  0.19500000926200300        0.0000000000000000     
  0.19700000935699791        0.0000000000000000     
  0.19900000945199281        0.0000000000000000     
  0.20100000954698771        4.1737392291967546E-003
  0.20300000964198261        4.0919038529748106E-003
  0.20500000973697752        0.0000000000000000     
  0.20700000983197242        1.1805875382010654E-002
  0.20900000992696732        1.5441344572374607E-002
  0.21100001002196223        2.2725010760484787E-002
  0.21300001011695713        3.3450385031152476E-002
  0.21500001021195203        1.4591533921819675E-002
  0.21700001030694693       -3.5809517338361617E-003
  0.21900001040194184      -0.16876057586463505     
  0.22100001049693674       -1.0599170380785299     
  0.22300001059193164       -3.1467073054736656     
  0.22500001068692654       -8.0905981042554060     
  0.22700001078192145       -17.723322545893719     
  0.22900001087691635       -33.347856070105955     
  0.23100001097191125       -55.370444844220877     
  0.23300001106690615       -83.294570423135468     
  0.23500001116190106       -112.64271022270295     
  0.23700001125689596       -142.02823435046207     
  0.23900001135189086       -169.39117700007299     
  0.24100001144688576       -188.87092745653237     
  0.24300001154188067       -198.82795985731451     
  0.24500001163687557       -203.16310719480774     
  0.24700001173187047       -198.31092277780894     
  0.24900001182686538       -187.67517699238371     
  0.25100001192186028       -174.52012176079165     
  0.25300001201685518       -157.14050821128643     
  0.25500001211185008       -139.39823931177750     
  0.25700001220684499       -121.35223969605565     
  0.25900001230183989       -103.57841037900720     
  0.26100001239683479       -86.984050411421720     
  0.26300001249182969       -71.216984092191623     
  0.26500001258682460       -57.097985623736463     
  0.26700001268181950       -45.859516011350422     
  0.26900001277681440       -33.020549716786988     
  0.27100001287180930       -22.648191056711141     
  0.27300001296680421       -13.152069520145339     
  0.27500001306179911       -3.7860940092005686     
  0.27700001315679401        4.3601482129327245     
  0.27900001325178891        12.163554451543396     
  0.28100001334678382        19.473936604729836     
  0.28300001344177872        26.345580683897023     
  0.28500001353677362        32.088891440072871     
  0.28700001363176852        38.531971238642384     
  0.28900001372676343        44.146160137069842     
  0.29100001382175833        49.776139632191345     
  0.29300001391675323        55.250775151606703     
  0.29500001401174814        59.042130598133056     
  0.29700001410674304        62.495386719080095     
  0.29900001420173794        66.435981607699290     
  0.30100001429673284        69.432868254381205     
  0.30300001439172775        71.465330474130511     
  0.30500001448672265        73.547446552251060     
  0.30700001458171755        73.919835401316789     
  0.30900001467671245        74.995233690102864     
  0.31100001477170736        73.965776724321287     
  0.31300001486670226        73.323038822404072     
  0.31500001496169716        71.652268924898323     
  0.31700001505669206        69.401854250870628     
  0.31900001515168697        67.442339932972686     
  0.32100001524668187        64.459138193464270     
  0.32300001534167677        61.505632779487655     
  0.32500001543667167        58.247752223565719     
  0.32700001553166658        53.289058428575721     
  0.32900001562666148        49.678534581366883     
  0.33100001572165638        45.750956056072383     
  0.33300001581665128        41.407487380972782     
  0.33500001591164619        38.098760657319858     
  0.33700001600664109        34.256672515364009     
  0.33900001610163599        30.723896268129071     
  0.34100001619663090        27.549827869754481     
  0.34300001629162580        24.761373674355529     
  0.34500001638662070        21.998705476448293     
  0.34700001648161560        19.492560566859538     
  0.34900001657661051        17.971201629049510     
  0.35100001667160541        15.900090298629568     
  0.35300001676660031        14.110090860468892     
  0.35500001686159521        12.212123990391099     
  0.35700001695659012        10.428452606838066     
  0.35900001705158502        9.3352287940231626     
  0.36100001714657992        7.9148734468877260     
  0.36300001724157482        6.7350376937115168     
  0.36500001733656973        5.9032712016580629     
  0.36700001743156463        4.4056203838850276     
  0.36900001752655953        4.1202162887281375     
  0.37100001762155443        2.5335102913842498     
  0.37300001771654934        1.9379865960865343     
  0.37500001781154424       0.91132028379673446     
  0.37700001790653914       0.20880935804539522     
  0.37900001800153404      -0.52122417631366869     
  0.38100001809652895       -1.6193205766746519     
  0.38300001819152385       -2.3243612456277374     
  0.38500001828651875       -3.1967221743357777     
  0.38700001838151366       -3.9147389183258916     
  0.38900001847650856       -4.7292930434768783     
  0.39100001857150346       -5.4078973678776672     
  0.39300001866649836       -6.5692377939162929     
  0.39500001876149327       -6.6768834324996122     
  0.39700001885648817       -8.2317326936786728     
  0.39900001895148307       -8.3146498623424172     
  0.40100001904647797       -9.4252836194261143     
  0.40300001914147288       -9.9528498056103540     
  0.40500001923646778       -10.747131827613746     
  0.40700001933146268       -11.341108130661093     
  0.40900001942645758       -11.685085659081649     
  0.41100001952145249       -12.947218719712421     
  0.41300001961644739       -13.382661288553191     
  0.41500001971144229       -14.046069140578002     
  0.41700001980643719       -13.955295598553638     
  0.41900001990143210       -14.637843709932397     
  0.42100001999642700       -15.033775421912399     
  0.42300002009142190       -15.368807407293096     
  0.42500002018641680       -15.312255084488807     
  0.42700002028141171       -15.827633779007211     
  0.42900002037640661       -15.913124068965914     
  0.43100002047140151       -15.894681716625181     
  0.43300002056639642       -15.902881790195881     
  0.43500002066139132       -15.807779308040891     
  0.43700002075638622       -15.494765326317816     
  0.43900002085138112       -15.644393536947868     
  0.44100002094637603       -16.031715498852712     
  0.44300002104137093       -15.136313733649198     
  0.44500002113636583       -15.514035903568878     
  0.44700002123136073       -14.995751188061563     
  0.44900002132635564       -15.111711500319338     
  0.45100002142135054       -14.095069632260174     
  0.45300002151634544       -14.031692089556223     
  0.45500002161134034       -13.819011537815616     
  0.45700002170633525       -13.361637093924431     
  0.45900002180133015       -12.805241974735020     
  0.46100002189632505       -12.465861746418259     
  0.46300002199131995       -11.884073473045460     
  0.46500002208631486       -11.515354125761021     
  0.46700002218130976       -11.135491506677972     
  0.46900002227630466       -10.613719988088775     
  0.47100002237129956       -10.237210895872906     
  0.47300002246629447       -8.6479451487975254     
  0.47500002256128937       -8.6537471662938383     
  0.47700002265628427       -7.9439753144381715     
  0.47900002275127918       -7.3618510345096793     
  0.48100002284627408       -6.1389914931881764     
  0.48300002294126898       -5.7319093657904521     
  0.48500002303626388       -4.5929491866726195     
  0.48700002313125879       -4.3846650730081196     
  0.48900002322625369       -3.3799487464438429     
  0.49100002332124859       -2.1738943547081790     
  0.49300002341624349       -1.3764747305602594     
  0.49500002351123840      -0.40878642532762416     
  0.49700002360623330      -0.66969437812658661     
  0.49900002370122820       0.36365839899197494     
  0.50100002379622310        1.2200027933405118     
  0.50300002389121801        2.6779002726564478     
  0.50500002398621291        3.0203952645207610     
  0.50700002408120781        3.6906618476960906     
  0.50900002417620271        4.6555726796833792     
  0.51100002427119762        5.8474579757872869     
  0.51300002436619252        6.0710659085778067     
  0.51500002446118742        6.8924773858393449     
  0.51700002455618232        7.1565811366601677     
  0.51900002465117723        7.3569455029699613     
  0.52100002474617213        7.9485025820283663     
  0.52300002484116703        7.9667363822868715     
  0.52500002493616194        8.2512022941363021     
  0.52700002503115684        9.1073183279565022     
  0.52900002512615174        9.3633706356140429     
  0.53100002522114664        9.1231258480655502     
  0.53300002531614155        9.7100805837040998     
  0.53500002541113645        9.7242201024297223     
  0.53700002550613135        9.4601226493183290     
  0.53900002560112625        9.4939433147000081     
  0.54100002569612116        9.2763864856568894     
  0.54300002579111606        9.2350574171445263     
  0.54500002588611096        9.3581526099954306     
  0.54700002598110586        9.0565283222410482     
  0.54900002607610077        8.6365192288029196     
  0.55100002617109567        8.3395510465220735     
  0.55300002626609057        7.8387657817699008     
  0.55500002636108547        7.7840143400609376     
  0.55700002645608038        7.3526475239669251     
  0.55900002655107528        7.0783404758450290     
  0.56100002664607018        6.7166668917877157     
  0.56300002674106508        5.8657257127073716     
  0.56500002683605999        5.6235443176978883     
  0.56700002693105489        5.3835789286872098     
  0.56900002702604979        5.1343425847039308     
  0.57100002712104470        4.6562425903961868     
  0.57300002721603960        3.9253210574346049     
  0.57500002731103450        3.5864414414846757     
  0.57700002740602940        3.2161972295931234     
  0.57900002750102431        2.8323634237373319     
  0.58100002759601921        2.6840163451526680     
  0.58300002769101411        2.1829116084416262     
  0.58500002778600901        1.7620018671705526     
  0.58700002788100392        1.5405617488284582     
  0.58900002797599882       0.76019804992641948     
  0.59100002807099372       0.20904198923589790     
  0.59300002816598862       0.33614699166634882     
  0.59500002826098353       0.10955053554847333     
  0.59700002835597843      -0.22142048309869075     
  0.59900002845097333      -0.83560055108885001     
  0.60100002854596823       -1.1890513477682643     
  0.60300002864096314      -0.96414083278431217     
  0.60500002873595804       -1.1918079916403741     
  0.60700002883095294       -1.5990650637059787     
  0.60900002892594784       -2.2019147607147871     
  0.61100002902094275       -2.0827316812401908     
  0.61300002911593765       -2.1975045303108804     
  0.61500002921093255       -2.8631275523562563     
  0.61700002930592746       -2.6403981685166955     
  0.61900002940092236       -2.6075202399495914     
  0.62100002949591726       -2.9471166779060023     
  0.62300002959091216       -3.0337974718280001     
  0.62500002968590707       -3.1598879671572395     
  0.62700002978090197       -3.5348051054128011     
  0.62900002987589687       -3.2749653450358052     
  0.63100002997089177       -3.2021462646451631     
  0.63300003006588668       -3.2846275816551729     
  0.63500003016088158       -3.2618786669963140     
  0.63700003025587648       -3.0569160240659312     
  0.63900003035087138       -3.5308970349570257     
  0.64100003044586629       -3.3537675316511519     
  0.64300003054086119       -3.0976082446399560     
  0.64500003063585609       -2.9450768073141185     
  0.64700003073085099       -3.0968878403327689     
  0.64900003082584590       -2.9509216809749383     
  0.65100003092084080       -2.7613290451947696     
  0.65300003101583570       -2.9172529706228194     
  0.65500003111083061       -2.7304571840385510     
  0.65700003120582551       -3.1256058082440941     
  0.65900003130082041       -2.5933509370332026     
  0.66100003139581531       -2.7397752317068202     
  0.66300003149081022       -2.5778811819439671     
  0.66500003158580512       -2.6268397295274108     
  0.66700003168080002       -2.4545724544473431     
  0.66900003177579492       -2.2296844814352950     
  0.67100003187078983       -1.8673594407327814     
  0.67300003196578473       -1.8849441581163435     
  0.67500003206077963       -1.9281946310274722     
  0.67700003215577453       -1.8351425328827478     
  0.67900003225076944       -1.6879238594707862     
  0.68100003234576434       -1.5809422603153775     
  0.68300003244075924       -1.4527714546123516     
  0.68500003253575414       -1.3709894099055377     
  0.68700003263074905      -0.97501380353988820     
  0.68900003272574395      -0.76369635976016370     
  0.69100003282073885      -0.79989469731315488     
  0.69300003291573375      -0.67906400172812242     
  0.69500003301072866      -0.96561338291115673     
  0.69700003310572356      -0.38111627518481872     
  0.69900003320071846        7.7996443613905439E-002
  0.70100003329571337      -0.15784924554970722     
  0.70300003339070827      -0.33881241438096316     
  0.70500003348570317      -0.15843800477850167     
  0.70700003358069807       0.26043490619937470     
  0.70900003367569298       0.16738972528536655     
  0.71100003377068788       0.59574852542360657     
  0.71300003386568278       0.60368870857324630     
  0.71500003396067768       0.75402347789122481     
  0.71700003405567259       0.84494467851478117     
  0.71900003415066749       0.94723897803529333     
  0.72100003424566239        1.2173872972951931     
  0.72300003434065729        1.2316294412702595     
  0.72500003443565220        1.1651733977771197     
  0.72700003453064710        1.3562602040477831     
  0.72900003462564200        1.3025033283971861     
  0.73100003472063690        1.1776808674696586     
  0.73300003481563181        1.4581157332872179     
  0.73500003491062671        1.1380536277742748     
  0.73700003500562161        1.6776490198576299     
  0.73900003510061651        1.2579196234584691     
  0.74100003519561142        1.6273398116180571     
  0.74300003529060632        1.7279425468633738     
  0.74500003538560122        1.8748380087900018     
  0.74700003548059613        1.9473099280102322     
  0.74900003557559103        1.5852481000702452     
  0.75100003567058593        1.6416944211950784     
  0.75300003576558083        1.4426536412904616     
  0.75500003586057574        1.6154704883021267     
  0.75700003595557064        1.7514265150619202     
  0.75900003605056554        1.5428731543358380     
  0.76100003614556044        1.4474221319661589     
  0.76300003624055535        1.5559931787229988     
  0.76500003633555025        1.5784103484218173     
  0.76700003643054515        1.7203865019890625     
  0.76900003652554005        1.1793660317770083     
  0.77100003662053496        1.2830352770272664     
  0.77300003671552986        1.2913613828245747     
  0.77500003681052476        1.1586488427135426     
  0.77700003690551966        1.0781173536967303     
  0.77900003700051457       0.99450633479580230     
  0.78100003709550947        1.0886653891673275     
  0.78300003719050437       0.77258983231666367     
  0.78500003728549927       0.85211864708243323     
  0.78700003738049418       0.53007492725167560     
  0.78900003747548908       0.65957735371803838     
  0.79100003757048398       0.52149335670944252     
  0.79300003766547889       0.36414485186133572     
  0.79500003776047379       0.22624676348741907     
  0.79700003785546869       0.25484456250335247     
  0.79900003795046359       0.29768101649045570     
  0.80100003804545850       0.10775554015348050     
  0.80300003814045340       0.23169860347788077     
  0.80500003823544830       -2.6021302126849961E-002
  0.80700003833044320       0.20998804575274321     
  0.80900003842543811      -0.35812822084788176     
  0.81100003852043301      -0.18254043219383922     
  0.81300003861542791      -0.38726787340359697     
  0.81500003871042281      -0.49605534474872881     
  0.81700003880541772      -0.40394770321790141     
  0.81900003890041262      -0.45753505914409914     
  0.82100003899540752      -0.48582930298938642     
  0.82300003909040242      -0.32936767139153234     
  0.82500003918539733      -0.55718877031000069     
  0.82700003928039223      -0.81091185964751911     
  0.82900003937538713      -0.73216768411975652     
  0.83100003947038203      -0.74451967056460833     
  0.83300003956537694      -0.66755869550484470     
  0.83500003966037184      -0.83172551872891032     
  0.83700003975536674      -0.76806272874633819     
  0.83900003985036165       -1.0957034833133146     
  0.84100003994535655      -0.77793961363539621     
  0.84300004004035145      -0.93133369877080796     
  0.84500004013534635      -0.85797135147526493     
  0.84700004023034126      -0.90351915846030895     
  0.84900004032533616      -0.96898158274602431     
  0.85100004042033106      -0.99912586923210445     
  0.85300004051532596      -0.79189522974005044     
  0.85500004061032087      -0.86431544738520039     
  0.85700004070531577      -0.89770971634262020     
  0.85900004080031067      -0.92278558157707868     
  0.86100004089530557      -0.77702031447157593     
  0.86300004099030048      -0.90791166528412726     
  0.86500004108529538      -0.74551107891902302     
  0.86700004118029028       -1.1709898341760379     
  0.86900004127528518       -1.0657925965282535     
  0.87100004137028009      -0.62013852475050069     
  0.87300004146527499      -0.70690848494048464     
  0.87500004156026989      -0.88692387101425996     
  0.87700004165526479      -0.73094925851723258     
  0.87900004175025970      -0.71104019463403190     
  0.88100004184525460      -0.48273974935968389     
  0.88300004194024950      -0.71975175769766264     
  0.88500004203524441      -0.55826037103231674     
  0.88700004213023931      -0.44965462992355415     
  0.88900004222523421      -0.54727382054672424     
  0.89100004232022911      -0.41419040150180475     
  0.89300004241522402      -0.36306819423116987     
  0.89500004251021892      -0.11725461719533999     
  0.89700004260521382      -0.10604408769183121     
  0.89900004270020872      -0.23680851166741998     
  0.90100004279520363      -0.11839847394324286     
  0.90300004289019853      -0.38422979655089012     
  0.90500004298519343      -0.32241514345209488     
  0.90700004308018833        3.9970618691899031E-002
  0.90900004317518324       0.23856546715609325     
  0.91100004327017814        9.5698468598328382E-002
  0.91300004336517304       0.20977708051015459     
  0.91500004346016794       0.10251712791522689     
  0.91700004355516285      -0.18027763728420676     
  0.91900004365015775       0.19906044631727762     
  0.92100004374515265       0.23537117786059514     
  0.92300004384014755       0.66010538495412252     
  0.92500004393514246       0.21639125953495419     
  0.92700004403013736       0.34791256054976444     
  0.92900004412513226       0.36009305788908946     
  0.93100004422012717       0.30816027827127684     
  0.93300004431512207       0.34151506633479189     
  0.93500004441011697       0.33311175578986102     
  0.93700004450511187       0.33860547416660397     
  0.93900004460010678       0.49589779520881611     
  0.94100004469510168       0.45284903777966107     
  0.94300004479009658       0.65458831444227983     
  0.94500004488509148       0.38633393677139827     
  0.94700004498008639       0.46762387370149372     
  0.94900004507508129       0.53100015793998334     
  0.95100004517007619       0.51963307224064403     
  0.95300004526507109       0.40921037754012302     
  0.95500004536006600       0.55855357098521230     
  0.95700004545506090       0.32073409293339300     
  0.95900004555005580       0.54821993767094113     
  0.96100004564505070       0.48988568595560639     
  0.96300004574004561       0.48639831901120378     
  0.96500004583504051       0.36469154387431912     
  0.96700004593003541       0.55036706327614271     
  0.96900004602503031       0.35827474955427935     
  0.97100004612002522       0.66817352488608495     
  0.97300004621502012       0.34999168820423021     
  0.97500004631001502       0.28806974658286871     
  0.97700004640500993       0.35578791834740642     
  0.97900004650000483       0.29011897227726119     
  0.98100004659499973       0.19361772914706074     
  0.98300004668999463       0.46035049563996461     
  0.98500004678498954       0.38705137637980752     
  0.98700004687998444       0.27626091278407772     
  0.98900004697497934       0.33979337133177862     
  0.99100004706997424       0.38392407994773725     
  0.99300004716496915       0.23719133890049410     
  0.99500004725996405       0.26161697354769209     
  0.99700004735495895       0.22358669549979732     
  0.99900004744995385       0.11033240098100511     
   1.0010000475449488        1.8679949108000842E-002
   1.0030000476399437       0.13174724594170534     
   1.0050000477349386       0.23757111861521385     
   1.0070000478299335        3.1262217102088284E-002
   1.0090000479249284        5.3332802628231306E-002
   1.0110000480199233        5.4441802586624446E-003
   1.0130000481149182       -9.8594622369453187E-003
   1.0150000482099131       -7.5127938126426777E-002
   1.0170000483049080       0.13466632572071116     
   1.0190000483999029        8.3308605909740541E-002
   1.0210000484948978        1.9411121695183306E-003
   1.0230000485898927       -8.8458984221827158E-002
   1.0250000486848876       -4.4618805210257455E-002
   1.0270000487798825        1.0551736088167722E-002
   1.0290000488748774      -0.19604157186228854     
   1.0310000489698723        7.5511047569912074E-002
   1.0330000490648672       -5.5150017882887134E-002
   1.0350000491598621       0.18086736157482908     
   1.0370000492548570      -0.32741144479672307     
   1.0390000493498519      -0.39019546195778154     
   1.0410000494448468      -0.26390356963864819     
   1.0430000495398417      -0.31466489714790263     
   1.0450000496348366      -0.22204816162755059     
   1.0470000497298315      -0.20151102383473452     
   1.0490000498248264      -0.35536172555013368     
   1.0510000499198213      -0.18135598266169375     
   1.0530000500148162      -0.13306755875780951     
   1.0550000501098111      -0.16316675003198244     
   1.0570000502048060      -0.42154296011300724     
   1.0590000502998009      -0.23065045711789706     
   1.0610000503947958      -0.30782361857333385     
   1.0630000504897907      -0.20981651675709351     
   1.0650000505847856      -0.11908421063832439     
   1.0670000506797805      -0.13152400019780655     
   1.0690000507747754       -9.5765740034539235E-002
   1.0710000508697703      -0.12157588818244201     
   1.0730000509647653      -0.16769763054134421     
   1.0750000510597602      -0.32962503315977959     
   1.0770000511547551      -0.14711941538105092     
   1.0790000512497500      -0.25331902343205093     
   1.0810000513447449      -0.30808274623680082     
   1.0830000514397398       -9.2299426112903260E-002
   1.0850000515347347       -6.7895306262482774E-002
   1.0870000516297296      -0.16597455517629775     
   1.0890000517247245      -0.22991915129249832     
   1.0910000518197194      -0.21675185222021048     
   1.0930000519147143      -0.36557823213314289     
   1.0950000520097092       -1.4344744657223915E-002
   1.0970000521047041      -0.19112698292919655     
   1.0990000521996990       -2.6386835451476624E-002
   1.1010000522946939      -0.16539718227713959     
   1.1030000523896888      -0.14151276203038049     
   1.1050000524846837       -7.6093565389877896E-002
   1.1070000525796786       -3.2198934962447516E-002
   1.1090000526746735       -3.6607414836227405E-002
   1.1110000527696684       0.15929103150839555     
   1.1130000528646633       -7.6364836291679700E-002
   1.1150000529596582        9.6300713941437840E-002
   1.1170000530546531       -5.9330644676003789E-002
   1.1190000531496480       0.10679081673226817     
   1.1210000532446429       -3.1533888757667536E-002
   1.1230000533396378       -4.9873542125936178E-002
   1.1250000534346327       -2.9844469836773187E-002
   1.1270000535296276        3.2393874074418759E-002
   1.1290000536246225      -0.15729498145302581     
   1.1310000537196174       0.13551544669438875     
   1.1330000538146123        4.5187625354898113E-002
   1.1350000539096072       0.15249482267308770     
   1.1370000540046021       0.10174066470165355     
   1.1390000540995970       -1.0528305259858602E-002
   1.1410000541945919        2.2537142857666684E-002
   1.1430000542895868        8.0540260030543168E-002
   1.1450000543845817       -9.2606702861988258E-002
   1.1470000544795766        5.5498591316596943E-002
   1.1490000545745715       0.12491646828760869     
   1.1510000546695665       0.26513039738853228     
   1.1530000547645614        4.0462523898294807E-002
   1.1550000548595563       0.20894394294418245     
   1.1570000549545512       0.20910396664225436     
   1.1590000550495461       -4.1174456323289831E-002
   1.1610000551445410       0.26908957505705161     
   1.1630000552395359       0.15172321999630778     
   1.1650000553345308       0.12461490334795194     
   1.1670000554295257       0.28056862028132273     
   1.1690000555245206        4.8863780783126178E-002
   1.1710000556195155        9.3335936527945959E-002
   1.1730000557145104        8.2110686398825350E-002
   1.1750000558095053        3.2121877368577148E-002
   1.1770000559045002       0.26815288654511149     
   1.1790000559994951        8.7949080150442227E-002
   1.1810000560944900       0.13020774379315875     
   1.1830000561894849       0.15507077720546245     
   1.1850000562844798       -1.5010467501404329E-002
   1.1870000563794747       0.17042349128456113     
   1.1890000564744696        7.8484354605104931E-002
   1.1910000565694645        5.9557314972848233E-002
   1.1930000566644594       -2.9145742752441844E-002
   1.1950000567594543        8.9506443925820606E-002
   1.1970000568544492        5.8490993241990051E-002
   1.1990000569494441       -2.6391559909864176E-002
   1.2010000570444390       -7.0143292001331788E-003
   1.2030000571394339      -0.11220596412745651     
   1.2050000572344288       -9.1046420998137118E-002
   1.2070000573294237       -2.1528774756304377E-002
   1.2090000574244186       -9.9674037605716359E-002
   1.2110000575194135       0.13912910605187997     
   1.2130000576144084        1.9368055183858583E-002
   1.2150000577094033      -0.14461124366560690     
   1.2170000578043982       -7.0701944019939580E-002
   1.2190000578993931       0.14672767150726232     
   1.2210000579943880       -1.2781093967862473E-002
   1.2230000580893829       -4.1938311233499857E-002
   1.2250000581843778        8.7423528781930090E-002
   1.2270000582793728       -1.0640337242599669E-002
   1.2290000583743677        1.0717373861461725E-002
   1.2310000584693626       -6.0534604267617087E-002
   1.2330000585643575        3.0391023316777215E-002
   1.2350000586593524       -6.3017599374448702E-002
   1.2370000587543473        2.5125595427370546E-002
   1.2390000588493422       -5.0638312862109555E-002
   1.2410000589443371      -0.16051341055994661     
   1.2430000590393320      -0.12681913493168684     
   1.2450000591343269       -2.4259792176822156E-002
   1.2470000592293218       -5.3786054276554696E-002
   1.2490000593243167      -0.10409319214742989     
   1.2510000594193116       -2.5751598848265844E-002
   1.2530000595143065      -0.18838588693004851     
   1.2550000596093014       -6.4236920997957610E-003
   1.2570000597042963      -0.12465026471273363     
   1.2590000597992912      -0.11106314222259327     
   1.2610000598942861       -8.3457520445919614E-002
   1.2630000599892810       -8.3193414589318768E-002
   1.2650000600842759      -0.13899035475366822     
   1.2670000601792708      -0.15357306855191608     
   1.2690000602742657       -9.7382433687362477E-002
   1.2710000603692606      -0.35792934339872173     
   1.2730000604642555      -0.14422061492999483     
   1.2750000605592504        0.0000000000000000     
   1.2770000606542453        1.7268539057051748E-002
   1.2790000607492402       -9.6174840701071046E-002
   1.2810000608442351       -3.4321726675841678E-002
   1.2830000609392300        7.3756466936506990E-002
   1.2850000610342249       -9.7525466846534861E-002
   1.2870000611292198       0.10903182939324239     
   1.2890000612242147       -2.2733332595581815E-002
   1.2910000613192096        7.8612110647253416E-002
   1.2930000614142045        3.6915177278737721E-002
   1.2950000615091994      -0.10306358655165392     
   1.2970000616041943       0.10625437874709959     
   1.2990000616991892      -0.12521423150628522     
   1.3010000617941841        8.4680859305564876E-002
   1.3030000618891791       0.10349033949160570     
   1.3050000619841740       0.13436301752014973     
   1.3070000620791689       -4.4222955453015696E-002
   1.3090000621741638       -3.0113626410070191E-002
   1.3110000622691587        1.5697681905713203E-003
   1.3130000623641536        9.4877494504834389E-002
   1.3150000624591485       0.15036743575809872     
   1.3170000625541434        3.6456976112052793E-002
   1.3190000626491383       0.18638485462315288     
   1.3210000627441332       -9.6630736833653078E-004
   1.3230000628391281      -0.16329426819539761     
   1.3250000629341230       -7.2900573728619980E-002
   1.3270000630291179      -0.12218833749288442     
   1.3290000631241128       0.13805090513648463     
   1.3310000632191077       0.21292703214171876     
   1.3330000633141026       -2.2680808408815464E-002
   1.3350000634090975       -6.9541769280321339E-002
   1.3370000635040924       0.15800576219553503     
   1.3390000635990873       -2.6710259945983160E-002
   1.3410000636940822       0.15734586331702857     
   1.3430000637890771       -5.7309864054376582E-002
   1.3450000638840720       -6.0961284447879377E-002
   1.3470000639790669        6.8401173476140095E-002
   1.3490000640740618       -4.6330505082198825E-003
   1.3510000641690567       -4.5823885220634776E-002
   1.3530000642640516       0.10003573382771944     
   1.3550000643590465       0.11526197738868062     
   1.3570000644540414        4.7617279461486174E-002
   1.3590000645490363       -1.8169170229593808E-002
   1.3610000646440312        9.8499027252556506E-002
   1.3630000647390261        5.3461915425532990E-002
   1.3650000648340210        1.7285780589303357E-002
   1.3670000649290159        9.4748687317444992E-003
   1.3690000650240108       0.11030736389300619     
   1.3710000651190057        5.9747570712193929E-002
   1.3730000652140006        3.5153810593982447E-002
   1.3750000653089955      -0.12103065513063872     
   1.3770000654039904       0.10858472015673759     
   1.3790000654989854        9.3106864177741108E-003
   1.3810000655939803       0.19531216411407581     
   1.3830000656889752        8.4193767746645359E-002
   1.3850000657839701        7.4017340852718647E-002
   1.3870000658789650       -9.0458151601108969E-002
   1.3890000659739599        4.4312311202097561E-002
   1.3910000660689548       0.11878525391685578     
   1.3930000661639497      -0.16154670029117360     
   1.3950000662589446       -1.1264602523095829E-002
   1.3970000663539395      -0.15569795542124823     
   1.3990000664489344       -1.2923399369292427E-003
   1.4010000665439293       -8.5910187129749151E-005
   1.4030000666389242       -5.1399257356590081E-002
   1.4050000667339191       -9.7295333626422661E-002
   1.4070000668289140       -5.8773537633185234E-002
   1.4090000669239089       0.10277425102773556     
   1.4110000670189038       -4.4635204033717707E-002
   1.4130000671138987        3.3782874860381167E-003
   1.4150000672088936       -8.5060793761963481E-003
   1.4170000673038885       0.10799961451108270     
   1.4190000673988834        7.7547380679062416E-002
   1.4210000674938783       0.13670407518891795     
   1.4230000675888732       -2.6897608002121477E-002
   1.4250000676838681       -2.1507551596538003E-002
   1.4270000677788630       0.27732443672415114     
   1.4290000678738579      -0.12865418981013352     
   1.4310000679688528        1.3010642930819889E-002
   1.4330000680638477       -5.6578024573785281E-002
   1.4350000681588426        2.4484335690497933E-002
   1.4370000682538375       -8.9172314967843641E-002
   1.4390000683488324       -2.8094314942390251E-002
   1.4410000684438273      -0.12432777706629398     
   1.4430000685388222      -0.10892073466471414     
   1.4450000686338171       -2.6892394858449440E-002
   1.4470000687288120       -1.1033275055667389E-002
   1.4490000688238069       -5.1400121245680124E-003
   1.4510000689188018      -0.13751700678644160     
   1.4530000690137967        8.7858219410604219E-002
   1.4550000691087916      -0.10952106353496478     
   1.4570000692037866      -0.11986463779642914     
   1.4590000692987815       -3.1448567242195934E-002
   1.4610000693937764        8.1368766865079142E-003
   1.4630000694887713       -1.3865800817905989E-002
   1.4650000695837662        4.7140799400580906E-002
   1.4670000696787611       -9.1909145101350995E-002
   1.4690000697737560        2.1566835845655569E-002
   1.4710000698687509        3.8029044965922271E-002
   1.4730000699637458      -0.10165370050957598     
   1.4750000700587407       -1.1780954810448918E-002
   1.4770000701537356       0.17453554640434532     
   1.4790000702487305       -8.8265316299259960E-002
   1.4810000703437254       -5.5814552489424837E-002
   1.4830000704387203       -5.7350900226043125E-002
   1.4850000705337152       -1.2234550532053069E-002
   1.4870000706287101      -0.11362797714391605     
   1.4890000707237050       -6.2365642508690452E-003
   1.4910000708186999      -0.10573735224151085     
   1.4930000709136948       -8.7147274255774634E-002
   1.4950000710086897       0.17345128855247094     
   1.4970000711036846        9.7667941977512898E-002
   1.4990000711986795        8.3524299800605301E-002
   1.5010000712936744       -4.0640532542637463E-002
   1.5030000713886693       -2.9858155494446529E-004
   1.5050000714836642      -0.11122400852708211     
   1.5070000715786591       -2.2943143443600916E-002
   1.5090000716736540       -1.5699229098176073E-002
   1.5110000717686489       -1.1817129637976796E-002
   1.5130000718636438      -0.16124596348389361     
   1.5150000719586387        7.2806362734718091E-002
   1.5170000720536336       0.14295753604847275     
   1.5190000721486285        6.5188389719877310E-002
   1.5210000722436234        5.1751252761435620E-002
   1.5230000723386183        8.9781756525374276E-002
   1.5250000724336132        9.0053968395480397E-002
   1.5270000725286081       0.19315980627676566     
   1.5290000726236030        4.2988494537579643E-002
   1.5310000727185979       -1.0143543099476271E-002
   1.5330000728135929        7.0030375609367229E-002
   1.5350000729085878       -9.2534293433379239E-002
   1.5370000730035827        4.1756979769222713E-002
   1.5390000730985776       -8.6999130964476631E-002
   1.5410000731935725       0.23425991776269955     
   1.5430000732885674       -3.7466641815261562E-002
   1.5450000733835623        9.3247653591019171E-003
   1.5470000734785572      -0.10984655385849003     
   1.5490000735735521        4.4556120660869940E-002
   1.5510000736685470       -3.8553165534849160E-003
   1.5530000737635419        6.7259418756323103E-002
   1.5550000738585368        1.8270963670399067E-002
   1.5570000739535317       -8.5347005349305255E-002
   1.5590000740485266       -8.0479766677389146E-003
   1.5610000741435215       -6.6986995787022635E-002
   1.5630000742385164       -2.2778070559315556E-003
   1.5650000743335113        4.0276166964671706E-002
   1.5670000744285062       -1.0712912452419128E-002
   1.5690000745235011       0.13925552726554599     
   1.5710000746184960        3.8602641931388570E-002
   1.5730000747134909       -1.7650754304023041E-002
   1.5750000748084858        1.1759962526875577E-002
   1.5770000749034807       -9.5807548199162221E-002
   1.5790000749984756       -2.1777727684931969E-002
   1.5810000750934705       0.10200207409430655     
   1.5830000751884654        3.9028972273133337E-002
   1.5850000752834603       -5.8261564662840069E-002
   1.5870000753784552       -7.8803146969596657E-002
   1.5890000754734501      -0.11226409275712476     
   1.5910000755684450       -6.5883533655771265E-002
   1.5930000756634399        2.9436971468115799E-002
   1.5950000757584348        6.6083758582457006E-002
   1.5970000758534297       -7.8943330940532408E-002
   1.5990000759484246       -9.5629531355399047E-003
   1.6010000760434195       -5.9208055523014835E-003
   1.6030000761384144        2.1852349697690041E-002
   1.6050000762334093      -0.17903098881012122     
   1.6070000763284042       0.11028560991781559     
   1.6090000764233992      -0.15912277067616382     
   1.6110000765183941       -2.9562507576286246E-002
   1.6130000766133890        3.1109530460177105E-002
   1.6150000767083839       -1.5839518842212692E-002
   1.6170000768033788        6.8360743801267106E-003
   1.6190000768983737      -0.12782774384829543     
   1.6210000769933686        7.1681667184818207E-002
   1.6230000770883635        1.9076565094197227E-002
   1.6250000771833584       -7.1456922879162221E-002
   1.6270000772783533       -8.2301615949245802E-002
   1.6290000773733482       -6.0621567372951123E-002
   1.6310000774683431        1.4452663123453528E-002
   1.6330000775633380        4.3568018408092490E-002
   1.6350000776583329       -5.1346381834121560E-002
   1.6370000777533278       -6.1163152429114326E-002
   1.6390000778483227        1.4939635629276461E-002
   1.6410000779433176       -3.4878595525600672E-002
   1.6430000780383125       -3.5168530644587852E-002
   1.6450000781333074        3.7388703151008543E-003
   1.6470000782283023        8.5101498185287797E-002
   1.6490000783232972       -5.0788284835797920E-002
   1.6510000784182921        1.6393537695694554E-002
   1.6530000785132870       -1.0923165544229787E-002
   1.6550000786082819       0.12349685245801856     
   1.6570000787032768       -6.3687572563085854E-002
   1.6590000787982717        2.7508982415251397E-002
   1.6610000788932666        1.2346192991148202E-002
   1.6630000789882615       -4.9875787076042059E-002
   1.6650000790832564       -8.0169263105576302E-002
   1.6670000791782513       -6.2440321760698192E-002
   1.6690000792732462        5.5087070359171257E-002
   1.6710000793682411        2.8021155375837263E-002
   1.6730000794632360        8.6754411440570570E-002
   1.6750000795582309        3.2575464831401980E-002
   1.6770000796532258       -2.8840308990199258E-002
   1.6790000797482207       -7.4830194733929919E-002
   1.6810000798432156       -7.5845720586886947E-002
   1.6830000799382105        5.0542930225300459E-002
   1.6850000800332054       -2.2331042230928373E-002
   1.6870000801282004       -3.8334965254896325E-002
   1.6890000802231953        5.2667094902155341E-002
   1.6910000803181902       -1.8280810104492326E-002
   1.6930000804131851       -3.6769443756199803E-002
   1.6950000805081800        2.2420480548330429E-002
   1.6970000806031749      -0.13121972733023496     
   1.6990000806981698       0.17045882443353422     
   1.7010000807931647        3.8405882304600882E-002
   1.7030000808881596        5.8549222741433073E-002
   1.7050000809831545        9.6869858206071996E-002
   1.7070000810781494       -4.7627057711949035E-002
   1.7090000811731443       -2.1304100417507844E-002
   1.7110000812681392        8.1158111726325519E-002
   1.7130000813631341        6.6544902559662361E-002
   1.7150000814581290       -1.2211592818126771E-002
   1.7170000815531239        5.8971073706853852E-002
   1.7190000816481188       -6.2200761972042041E-003
   1.7210000817431137        2.0438718790615852E-002
   1.7230000818381086        5.9072281554911128E-002
   1.7250000819331035       -2.7314282707202538E-002
   1.7270000820280984        1.0346354993659931E-002
   1.7290000821230933        6.6052288548692925E-002
   1.7310000822180882        7.2090154291029662E-002
   1.7330000823130831       -3.5933854891411161E-002
   1.7350000824080780        6.3579610720489912E-002
   1.7370000825030729       -4.4766572102459559E-002
   1.7390000825980678        4.4942459866651151E-002
   1.7410000826930627        1.6578288131452672E-002
   1.7430000827880576        1.0545806257673089E-003
   1.7450000828830525        4.2640356242508283E-003
   1.7470000829780474       0.16210457109756449     
   1.7490000830730423        5.7659786184490538E-002
   1.7510000831680372       0.16411470209994805     
   1.7530000832630321        3.1661606219442945E-002
   1.7550000833580270        7.4292772927382442E-002
   1.7570000834530219        3.2664696206374064E-002
   1.7590000835480168       -6.7033885785458807E-003
   1.7610000836430117       -1.0820699267230479E-002
   1.7630000837380067        3.4721326777001363E-002
   1.7650000838330016       -4.3032707551682640E-002
   1.7670000839279965       0.12162315079427539     
   1.7690000840229914        2.3924797323265683E-002
   1.7710000841179863       -3.9247021290898652E-002
   1.7730000842129812       -4.6936591158856913E-002
   1.7750000843079761        7.6749119179513201E-002
   1.7770000844029710       -6.7444953323363449E-002
   1.7790000844979659       -3.6230804712714319E-003
   1.7810000845929608       -3.6627927567214474E-002
   1.7830000846879557        4.7737622617085505E-004
   1.7850000847829506        3.3341495245512638E-003
   1.7870000848779455       -8.7708461169599808E-002
   1.7890000849729404        9.3307992152895272E-002
   1.7910000850679353       -8.9525022838825963E-002
   1.7930000851629302        7.7943372758356499E-002
   1.7950000852579251       -6.4110349916663714E-002
   1.7970000853529200      -0.11764839371656990     
   1.7990000854479149      -0.19090359325628464     
   1.8010000855429098        6.9506424166908720E-002
   1.8030000856379047       -8.4498810558090609E-002
   1.8050000857328996       -8.5760846852474010E-002
   1.8070000858278945       -2.2102857762492885E-002
   1.8090000859228894        2.7412930415789852E-002
   1.8110000860178843        3.7995179709048109E-002
   1.8130000861128792       -7.4232466032334798E-002
   1.8150000862078741       -6.8540660251140681E-002
   1.8170000863028690       -6.6397918232079509E-002
   1.8190000863978639      -0.14646785831688883     
   1.8210000864928588        7.8310824220199464E-003
   1.8230000865878537       -6.7585238905139788E-002
   1.8250000866828486       -6.9361071801107219E-002
   1.8270000867778435        2.6269222252207356E-003
   1.8290000868728384       -5.8674113339445645E-002
   1.8310000869678333       -6.5889403096339852E-002
   1.8330000870628282        1.2697451349835662E-002
   1.8350000871578231      -0.18634103320695453     
   1.8370000872528180       -2.1886522568269326E-002
   1.8390000873478130       -1.2515010823573786E-002
   1.8410000874428079        5.9702791215396275E-003
   1.8430000875378028       -3.2765306269812952E-003
   1.8450000876327977       -1.0204587318418532E-002
   1.8470000877277926        9.1593065672312832E-002
   1.8490000878227875       -3.0136190667432818E-002
   1.8510000879177824       -3.9422180825138556E-002
   1.8530000880127773        3.1381304047909474E-002
   1.8550000881077722       -9.4627074400422576E-002
   1.8570000882027671        2.2004407226417213E-003
   1.8590000882977620       0.12515538985122371     
   1.8610000883927569       -7.0647310588961357E-002
   1.8630000884877518        6.4228342262447433E-002
   1.8650000885827467       0.15213047969698171     
   1.8670000886777416       -1.2916462674431604E-002
   1.8690000887727365        5.7106705952372119E-002
   1.8710000888677314       0.14359369432739294     
   1.8730000889627263       -1.5092982253616088E-002
   1.8750000890577212        4.6573368904596658E-002
   1.8770000891527161        6.5571178640024177E-003
   1.8790000892477110        4.0309726803933167E-002
   1.8810000893427059       -1.9969049811125981E-002
   1.8830000894377008        9.2784962781460478E-002
   1.8850000895326957      -0.11085903604904093     
   1.8870000896276906        4.1626130692145526E-002
   1.8890000897226855        3.7332248173194221E-002
   1.8910000898176804        5.5597045890264096E-002
   1.8930000899126753        9.0677900393088873E-002
   1.8950000900076702       0.10692163004071387     
   1.8970000901026651        6.9115957299891631E-002
   1.8990000901976600        1.5150119202951064E-002
   1.9010000902926549       -1.0172161088983684E-002
   1.9030000903876498        3.8461254012376378E-002
   1.9050000904826447       -3.2061224132131773E-003
   1.9070000905776396       -8.2210694876504620E-002
   1.9090000906726345        5.3813201169785746E-002
   1.9110000907676294       0.11289597511541855     
   1.9130000908626243        1.3224307113068934E-002
   1.9150000909576192       -8.7134998401144179E-002
   1.9170000910526142       -3.7947419971823763E-002
   1.9190000911476091      -0.10934661492951461     
   1.9210000912426040      -0.17318307649433656     
   1.9230000913375989       -1.4455118754998733E-002
   1.9250000914325938       -7.0123266983846674E-002
   1.9270000915275887       -1.6302416694098883E-002
   1.9290000916225836        3.0951180561354621E-002
   1.9310000917175785      -0.10202239589056057     
   1.9330000918125734        2.7483659235850114E-002
   1.9350000919075683       -6.8904956484936483E-002
   1.9370000920025632        1.2584030454936073E-003
   1.9390000920975581       -4.7092815035967781E-003
   1.9410000921925530       0.12702297826045553     
   1.9430000922875479       -2.2332913002105700E-003
   1.9450000923825428       -2.0102880990535862E-002
   1.9470000924775377        9.9329395212078467E-002
   1.9490000925725326        1.6557933147741559E-002
   1.9510000926675275        2.2105837751760241E-002
   1.9530000927625224       -7.5112092984312429E-002
   1.9550000928575173      -0.11038619241822462     
   1.9570000929525122        2.3027193430681762E-002
   1.9590000930475071        3.9501336631082615E-002
   1.9610000931425020       -6.4458934013393102E-002
   1.9630000932374969      -0.13268125462771577     
   1.9650000933324918       -1.9433716968889552E-002
   1.9670000934274867       -4.3495346343043063E-002
   1.9690000935224816       -6.8372597848097807E-002
   1.9710000936174765        3.7025143864634145E-002
   1.9730000937124714        7.6326035628274475E-002
   1.9750000938074663        2.5938091783004476E-003
   1.9770000939024612        6.1521534483193821E-002
   1.9790000939974561        2.5833344430823300E-003
   1.9810000940924510        3.3386665054724138E-002
   1.9830000941874459        8.6192921542101106E-003
   1.9850000942824408        1.8744508657252787E-002
   1.9870000943774357        8.9690105154612032E-004
   1.9890000944724306       -9.3772196149210785E-002
   1.9910000945674255        3.2328983163063302E-003
   1.9930000946624205        6.4103733286853773E-002
   1.9950000947574154        6.9355970361473146E-002
   1.9970000948524103        3.1627614827765910E-002
   1.9990000949474052       -2.1014774184987171E-002
