   1.0000000474974513E-003   0.0000000000000000     
   3.0000001424923539E-003   0.0000000000000000     
   5.0000002374872565E-003   0.0000000000000000     
   7.0000003324821591E-003   0.0000000000000000     
   9.0000004274770617E-003   0.0000000000000000     
   1.1000000522471964E-002   0.0000000000000000     
   1.3000000617466867E-002   0.0000000000000000     
   1.5000000712461770E-002   0.0000000000000000     
   1.7000000807456672E-002   0.0000000000000000     
   1.9000000902451575E-002   0.0000000000000000     
   2.1000000997446477E-002   0.0000000000000000     
   2.3000001092441380E-002   0.0000000000000000     
   2.5000001187436283E-002   0.0000000000000000     
   2.7000001282431185E-002   0.0000000000000000     
   2.9000001377426088E-002   0.0000000000000000     
   3.1000001472420990E-002   0.0000000000000000     
   3.3000001567415893E-002   0.0000000000000000     
   3.5000001662410796E-002   0.0000000000000000     
   3.7000001757405698E-002   0.0000000000000000     
   3.9000001852400601E-002   0.0000000000000000     
   4.1000001947395504E-002   0.0000000000000000     
   4.3000002042390406E-002   0.0000000000000000     
   4.5000002137385309E-002   0.0000000000000000     
   4.7000002232380211E-002   0.0000000000000000     
   4.9000002327375114E-002   0.0000000000000000     
   5.1000002422370017E-002   0.0000000000000000     
   5.3000002517364919E-002   0.0000000000000000     
   5.5000002612359822E-002   0.0000000000000000     
   5.7000002707354724E-002   0.0000000000000000     
   5.9000002802349627E-002   0.0000000000000000     
   6.1000002897344530E-002   0.0000000000000000     
   6.3000002992339432E-002   0.0000000000000000     
   6.5000003087334335E-002   0.0000000000000000     
   6.7000003182329237E-002   0.0000000000000000     
   6.9000003277324140E-002   0.0000000000000000     
   7.1000003372319043E-002   0.0000000000000000     
   7.3000003467313945E-002   0.0000000000000000     
   7.5000003562308848E-002   0.0000000000000000     
   7.7000003657303751E-002   0.0000000000000000     
   7.9000003752298653E-002   0.0000000000000000     
   8.1000003847293556E-002   0.0000000000000000     
   8.3000003942288458E-002   0.0000000000000000     
   8.5000004037283361E-002   0.0000000000000000     
   8.7000004132278264E-002   0.0000000000000000     
   8.9000004227273166E-002   0.0000000000000000     
   9.1000004322268069E-002   0.0000000000000000     
   9.3000004417262971E-002   0.0000000000000000     
   9.5000004512257874E-002   0.0000000000000000     
   9.7000004607252777E-002   0.0000000000000000     
   9.9000004702247679E-002   0.0000000000000000     
  0.10100000479724258        0.0000000000000000     
  0.10300000489223748        0.0000000000000000     
  0.10500000498723239        0.0000000000000000     
  0.10700000508222729        0.0000000000000000     
  0.10900000517722219        0.0000000000000000     
  0.11100000527221709        0.0000000000000000     
  0.11300000536721200        0.0000000000000000     
  0.11500000546220690        0.0000000000000000     
  0.11700000555720180        0.0000000000000000     
  0.11900000565219671        0.0000000000000000     
  0.12100000574719161        0.0000000000000000     
  0.12300000584218651        0.0000000000000000     
  0.12500000593718141        0.0000000000000000     
  0.12700000603217632        0.0000000000000000     
  0.12900000612717122        0.0000000000000000     
  0.13100000622216612        0.0000000000000000     
  0.13300000631716102        0.0000000000000000     
  0.13500000641215593        0.0000000000000000     
  0.13700000650715083        0.0000000000000000     
  0.13900000660214573        0.0000000000000000     
  0.14100000669714063        0.0000000000000000     
  0.14300000679213554        0.0000000000000000     
  0.14500000688713044        0.0000000000000000     
  0.14700000698212534        0.0000000000000000     
  0.14900000707712024        0.0000000000000000     
  0.15100000717211515        0.0000000000000000     
  0.15300000726711005        0.0000000000000000     
  0.15500000736210495        0.0000000000000000     
  0.15700000745709985        0.0000000000000000     
  0.15900000755209476        0.0000000000000000     
  0.16100000764708966        0.0000000000000000     
  0.16300000774208456        0.0000000000000000     
  0.16500000783707947        0.0000000000000000     
  0.16700000793207437        0.0000000000000000     
  0.16900000802706927        0.0000000000000000     
  0.17100000812206417        0.0000000000000000     
  0.17300000821705908        0.0000000000000000     
  0.17500000831205398        0.0000000000000000     
  0.17700000840704888        0.0000000000000000     
  0.17900000850204378        0.0000000000000000     
  0.18100000859703869        0.0000000000000000     
  0.18300000869203359        0.0000000000000000     
  0.18500000878702849        0.0000000000000000     
  0.18700000888202339        0.0000000000000000     
  0.18900000897701830        0.0000000000000000     
  0.19100000907201320        0.0000000000000000     
  0.19300000916700810        0.0000000000000000     
  0.19500000926200300        0.0000000000000000     
  0.19700000935699791        0.0000000000000000     
  0.19900000945199281        0.0000000000000000     
  0.20100000954698771        0.0000000000000000     
  0.20300000964198261        0.0000000000000000     
  0.20500000973697752        0.0000000000000000     
  0.20700000983197242        0.0000000000000000     
  0.20900000992696732        0.0000000000000000     
  0.21100001002196223        0.0000000000000000     
  0.21300001011695713        0.0000000000000000     
  0.21500001021195203        0.0000000000000000     
  0.21700001030694693        0.0000000000000000     
  0.21900001040194184       -1.4063381322052921E-002
  0.22100001049693674       -2.0714990972218825E-002
  0.22300001059193164      -0.16954241947595181     
  0.22500001068692654      -0.91264877750760853     
  0.22700001078192145       -3.9661497277738529     
  0.22900001087691635       -12.411794853978304     
  0.23100001097191125       -30.203784489274234     
  0.23300001106690615       -64.748428796684266     
  0.23500001116190106       -118.93575258449825     
  0.23700001125689596       -182.71237368500999     
  0.23900001135189086       -256.44397180244925     
  0.24100001144688576       -323.63108178363808     
  0.24300001154188067       -373.12011655066658     
  0.24500001163687557       -394.98256634132127     
  0.24700001173187047       -399.73954201406207     
  0.24900001182686538       -374.40662030340121     
  0.25100001192186028       -340.73498712897344     
  0.25300001201685518       -293.52213620958145     
  0.25500001211185008       -249.15085176443048     
  0.25700001220684499       -202.09374417983440     
  0.25900001230183989       -161.36412807813636     
  0.26100001239683479       -127.67397131816475     
  0.26300001249182969       -96.565774034703807     
  0.26500001258682460       -74.026401395944802     
  0.26700001268181950       -55.633165699760774     
  0.26900001277681440       -41.335110153589810     
  0.27100001287180930       -29.240137176319582     
  0.27300001296680421       -20.620671186410565     
  0.27500001306179911       -13.561262522943380     
  0.27700001315679401       -7.2280884437176063     
  0.27900001325178891       -1.6528569984911150     
  0.28100001334678382        4.3116436018148416     
  0.28300001344177872        10.188305356779164     
  0.28500001353677362        16.763783294208995     
  0.28700001363176852        24.916194981697824     
  0.28900001372676343        32.785580099966943     
  0.29100001382175833        42.673227680036021     
  0.29300001391675323        53.602817515281274     
  0.29500001401174814        64.696193053758151     
  0.29700001410674304        77.939539089796114     
  0.29900001420173794        90.661736022975944     
  0.30100001429673284        103.99296396594517     
  0.30300001439172775        116.23080206616295     
  0.30500001448672265        128.09444122002697     
  0.30700001458171755        137.21758582883123     
  0.30900001467671245        143.59913921054877     
  0.31100001477170736        148.01349356805150     
  0.31300001486670226        149.91807522230556     
  0.31500001496169716        149.12672017403119     
  0.31700001505669206        144.50734985183939     
  0.31900001515168697        137.74807945818557     
  0.32100001524668187        129.11138051008041     
  0.32300001534167677        118.76855031100781     
  0.32500001543667167        105.78977001717936     
  0.32700001553166658        93.845640006052946     
  0.32900001562666148        81.321746799270358     
  0.33100001572165638        69.305172280324953     
  0.33300001581665128        57.711970660399523     
  0.33500001591164619        47.811270078715800     
  0.33700001600664109        39.566219191635760     
  0.33900001610163599        31.586671520321627     
  0.34100001619663090        25.129538222706358     
  0.34300001629162580        20.361199028588484     
  0.34500001638662070        15.930927555555195     
  0.34700001648161560        13.009978279052023     
  0.34900001657661051        10.114598189803230     
  0.35100001667160541        8.2244678147942736     
  0.35300001676660031        6.4318847089103910     
  0.35500001686159521        5.2999039252699838     
  0.35700001695659012        4.4825675503637870     
  0.35900001705158502        3.7118492065373108     
  0.36100001714657992        3.2554882446247371     
  0.36300001724157482        3.0072845487786557     
  0.36500001733656973        2.4921828893792295     
  0.36700001743156463        2.1796490731298190     
  0.36900001752655953        2.1932380665276621     
  0.37100001762155443        1.8989076168498968     
  0.37300001771654934        1.9319266004765077     
  0.37500001781154424        1.7650834970378857     
  0.37700001790653914        1.7001352845400644     
  0.37900001800153404        1.4392361264877429     
  0.38100001809652895        1.3416895739305759     
  0.38300001819152385        1.3507044824988088     
  0.38500001828651875        1.1160087021435581     
  0.38700001838151366        1.0369498256480145     
  0.38900001847650856       0.71764013195077980     
  0.39100001857150346       0.48641295925638411     
  0.39300001866649836       0.22599837516049071     
  0.39500001876149327        5.4037580386044129E-002
  0.39700001885648817      -0.26533268885265282     
  0.39900001895148307      -0.76791352231824872     
  0.40100001904647797       -1.3873665140744045     
  0.40300001914147288       -1.4909547591129217     
  0.40500001923646778       -2.4210345756677225     
  0.40700001933146268       -3.3256799446072876     
  0.40900001942645758       -4.1722368480796188     
  0.41100001952145249       -4.6558078726861005     
  0.41300001961644739       -5.8880941593132006     
  0.41500001971144229       -7.0318464078928766     
  0.41700001980643719       -8.0428894235566588     
  0.41900001990143210       -9.2274123701653910     
  0.42100001999642700       -11.054134706189100     
  0.42300002009142190       -11.919590145170657     
  0.42500002018641680       -13.631846649415044     
  0.42700002028141171       -15.145105221749567     
  0.42900002037640661       -16.615874308538508     
  0.43100002047140151       -18.006105455795378     
  0.43300002056639642       -19.712666162058213     
  0.43500002066139132       -20.957627474294245     
  0.43700002075638622       -22.200215969585283     
  0.43900002085138112       -23.937322057260616     
  0.44100002094637603       -25.036874891556025     
  0.44300002104137093       -26.211874816002638     
  0.44500002113636583       -26.772121895175673     
  0.44700002123136073       -28.188872822535444     
  0.44900002132635564       -28.700290956465238     
  0.45100002142135054       -28.524236021478401     
  0.45300002151634544       -29.788174627459746     
  0.45500002161134034       -29.719101378066629     
  0.45700002170633525       -30.331537900021701     
  0.45900002180133015       -31.093871209230628     
  0.46100002189632505       -30.350179979774989     
  0.46300002199131995       -30.530615813430860     
  0.46500002208631486       -29.226664402759432     
  0.46700002218130976       -28.537693099567928     
  0.46900002227630466       -27.696097921969752     
  0.47100002237129956       -26.666307740496975     
  0.47300002246629447       -25.896352393893515     
  0.47500002256128937       -24.167563875675263     
  0.47700002265628427       -23.554750202331224     
  0.47900002275127918       -20.514995485405130     
  0.48100002284627408       -20.225947159855760     
  0.48300002294126898       -17.627970442988342     
  0.48500002303626388       -16.226222075906783     
  0.48700002313125879       -14.638538866250070     
  0.48900002322625369       -11.509314310600868     
  0.49100002332124859       -9.4146132607374806     
  0.49300002341624349       -7.6059941890786913     
  0.49500002351123840       -5.6087699771382775     
  0.49700002360623330       -3.4843222282957167     
  0.49900002370122820       -1.1302530128819481     
  0.50100002379622310       0.31776504474122358     
  0.50300002389121801        2.2586869148911650     
  0.50500002398621291        4.1041141433626018     
  0.50700002408120781        6.1841217984769008     
  0.50900002417620271        7.8324006189444679     
  0.51100002427119762        8.9478053796254731     
  0.51300002436619252        11.249572998089770     
  0.51500002446118742        11.896691895934492     
  0.51700002455618232        12.878565525721145     
  0.51900002465117723        14.293207941100251     
  0.52100002474617213        14.578777537713302     
  0.52300002484116703        15.809560823628168     
  0.52500002493616194        16.812581763561926     
  0.52700002503115684        16.824252724511645     
  0.52900002512615174        17.270324074093189     
  0.53100002522114664        17.728347600134722     
  0.53300002531614155        17.659656307009254     
  0.53500002541113645        17.947919872805130     
  0.53700002550613135        17.882894725024919     
  0.53900002560112625        17.630282336859615     
  0.54100002569612116        17.166010517368303     
  0.54300002579111606        17.116425157153735     
  0.54500002588611096        16.063958156541538     
  0.54700002598110586        16.248212075826487     
  0.54900002607610077        15.513509211341333     
  0.55100002617109567        15.242799794921863     
  0.55300002626609057        14.287440923708489     
  0.55500002636108547        13.804184935577510     
  0.55700002645608038        13.089973607866604     
  0.55900002655107528        12.190805038485557     
  0.56100002664607018        11.503417211764699     
  0.56300002674106508        10.565328555629275     
  0.56500002683605999        9.7955105981016004     
  0.56700002693105489        9.2555177100170010     
  0.56900002702604979        8.2671353060464092     
  0.57100002712104470        7.2737305110887451     
  0.57300002721603960        6.7685210278595651     
  0.57500002731103450        5.6316106935258521     
  0.57700002740602940        5.1307209347682425     
  0.57900002750102431        4.7392165118900973     
  0.58100002759601921        3.9098819902307711     
  0.58300002769101411        3.3259635052256056     
  0.58500002778600901        2.7233177628220480     
  0.58700002788100392        1.8860625730574581     
  0.58900002797599882        1.7891873540787404     
  0.59100002807099372        1.2204576184488449     
  0.59300002816598862       0.48767687664005244     
  0.59500002826098353      -0.15432336312045808     
  0.59700002835597843      -0.79484275984145403     
  0.59900002845097333      -0.97095092156893370     
  0.60100002854596823       -1.2581442411603740     
  0.60300002864096314       -1.5475411058207069     
  0.60500002873595804       -2.2804211668418448     
  0.60700002883095294       -2.1862432196117516     
  0.60900002892594784       -2.6747603834988838     
  0.61100002902094275       -2.6852829852467868     
  0.61300002911593765       -2.8746608170658563     
  0.61500002921093255       -3.3807375007034399     
  0.61700002930592746       -3.7889558687287055     
  0.61900002940092236       -3.5735129701925201     
  0.62100002949591726       -3.5343537251504769     
  0.62300002959091216       -3.6919964077895382     
  0.62500002968590707       -4.4449954095379907     
  0.62700002978090197       -4.4608631350919952     
  0.62900002987589687       -4.0672819218735929     
  0.63100002997089177       -4.3608649764649181     
  0.63300003006588668       -4.4179398273178743     
  0.63500003016088158       -4.3897359445461932     
  0.63700003025587648       -4.6277619418159608     
  0.63900003035087138       -4.1503526551249248     
  0.64100003044586629       -4.1819494796286394     
  0.64300003054086119       -4.0960210139458955     
  0.64500003063585609       -4.3203376946271943     
  0.64700003073085099       -4.4137096860725995     
  0.64900003082584590       -4.2204065066935019     
  0.65100003092084080       -4.0663952221744299     
  0.65300003101583570       -4.1348511672539239     
  0.65500003111083061       -4.1717392473564390     
  0.65700003120582551       -4.0608264437816963     
  0.65900003130082041       -4.0074824107081426     
  0.66100003139581531       -3.8732757043822579     
  0.66300003149081022       -3.5407504924617283     
  0.66500003158580512       -3.4127181854072184     
  0.66700003168080002       -3.5931665948364442     
  0.66900003177579492       -3.4485133590025780     
  0.67100003187078983       -3.6261079232199740     
  0.67300003196578473       -3.2509050738044460     
  0.67500003206077963       -3.3852584049919940     
  0.67700003215577453       -2.6982628981880654     
  0.67900003225076944       -2.7921150039436577     
  0.68100003234576434       -2.6412062049059113     
  0.68300003244075924       -2.4475530030306625     
  0.68500003253575414       -2.2460508025975385     
  0.68700003263074905       -2.0704305575352335     
  0.68900003272574395       -2.0921728181336579     
  0.69100003282073885       -1.5129134142558742     
  0.69300003291573375       -1.8626858992594051     
  0.69500003301072866       -1.7619127778570527     
  0.69700003310572356       -1.2953788151090559     
  0.69900003320071846       -1.0795259983375940     
  0.70100003329571337      -0.97797902134057746     
  0.70300003339070827      -0.74177058294482767     
  0.70500003348570317      -0.38846148923208657     
  0.70700003358069807      -0.22130220008651530     
  0.70900003367569298      -0.19187760092831596     
  0.71100003377068788       0.16311367801351825     
  0.71300003386568278       -1.3267883704906513E-002
  0.71500003396067768       0.17877547026117405     
  0.71700003405567259       0.62616435997077535     
  0.71900003415066749       0.44817711977289709     
  0.72100003424566239       0.56344304167379444     
  0.72300003434065729        1.1932418290358013     
  0.72500003443565220        1.0012406868013191     
  0.72700003453064710        1.2066281090822668     
  0.72900003462564200        1.5325435021092348     
  0.73100003472063690        1.3234709427030407     
  0.73300003481563181        1.5428534104261651     
  0.73500003491062671        1.9477385181874587     
  0.73700003500562161        1.6922399717327794     
  0.73900003510061651        1.7732529203539491     
  0.74100003519561142        2.5065762488066774     
  0.74300003529060632        2.2352984900028581     
  0.74500003538560122        2.2606821622761957     
  0.74700003548059613        2.5864409798013002     
  0.74900003557559103        2.4815715423170164     
  0.75100003567058593        2.6943999497013378     
  0.75300003576558083        2.6140848293018260     
  0.75500003586057574        2.6366395279686605     
  0.75700003595557064        2.7566135069052531     
  0.75900003605056554        2.6191669483963347     
  0.76100003614556044        2.5174837563829029     
  0.76300003624055535        2.4808416931799115     
  0.76500003633555025        2.4598191209341098     
  0.76700003643054515        2.5335715246719968     
  0.76900003652554005        2.7143097815486805     
  0.77100003662053496        2.4823881736160973     
  0.77300003671552986        2.3823585650797772     
  0.77500003681052476        2.2532870394036570     
  0.77700003690551966        2.5249173257560731     
  0.77900003700051457        2.2935611308758181     
  0.78100003709550947        2.0418696202107367     
  0.78300003719050437        1.9753436011741825     
  0.78500003728549927        1.8038426851533076     
  0.78700003738049418        1.5932195553553188     
  0.78900003747548908        1.4033964146255264     
  0.79100003757048398        1.3114143016786290     
  0.79300003766547889        1.4018772352953337     
  0.79500003776047379       0.91192386509433776     
  0.79700003785546869        1.0525611357560338     
  0.79900003795046359       0.88353416163316267     
  0.80100003804545850       0.72432748454388363     
  0.80300003814045340       0.33917955836434688     
  0.80500003823544830       0.22170149412076168     
  0.80700003833044320       0.18668481009584198     
  0.80900003842543811       -8.1673846049480955E-002
  0.81100003852043301       -5.6915696554820656E-002
  0.81300003861542791      -0.30103826786313864     
  0.81500003871042281      -0.24498127312309279     
  0.81700003880541772      -0.63358401480331261     
  0.81900003890041262      -0.74839663245713361     
  0.82100003899540752      -0.59465306550245700     
  0.82300003909040242      -0.67392160729922757     
  0.82500003918539733      -0.80617708252056119     
  0.82700003928039223       -1.0402058789458448     
  0.82900003937538713       -1.1004598067282534     
  0.83100003947038203       -1.2490056132954974     
  0.83300003956537694       -1.3008524561475916     
  0.83500003966037184       -1.1734609528562585     
  0.83700003975536674       -1.1695445938509739     
  0.83900003985036165       -1.5307269913362658     
  0.84100003994535655       -1.5379982983640641     
  0.84300004004035145       -1.7233825870502875     
  0.84500004013534635       -1.4918263218467516     
  0.84700004023034126       -1.5289781804849920     
  0.84900004032533616       -1.6125519193308415     
  0.85100004042033106       -1.5912435773321374     
  0.85300004051532596       -1.6252739965370131     
  0.85500004061032087       -1.5270264909767886     
  0.85700004070531577       -1.5387341480634886     
  0.85900004080031067       -1.3597261541316539     
  0.86100004089530557       -1.4280250393010989     
  0.86300004099030048       -1.4229987073094115     
  0.86500004108529538       -1.4331030685749901     
  0.86700004118029028       -1.6434236638263704     
  0.86900004127528518       -1.4143579104148247     
  0.87100004137028009       -1.3554138795442843     
  0.87300004146527499       -1.3031896639434912     
  0.87500004156026989       -1.4901730596678626     
  0.87700004165526479       -1.2369573235015676     
  0.87900004175025970       -1.2813127632585639     
  0.88100004184525460       -1.2761535948419365     
  0.88300004194024950      -0.98187289060919114     
  0.88500004203524441      -0.91242092265135288     
  0.88700004213023931      -0.75463963391841471     
  0.88900004222523421      -0.93644631515772814     
  0.89100004232022911      -0.87213630182892832     
  0.89300004241522402      -0.80796946427332561     
  0.89500004251021892      -0.83046582555765935     
  0.89700004260521382      -0.53902251688416969     
  0.89900004270020872      -0.63427125591978561     
  0.90100004279520363      -0.47027042983772249     
  0.90300004289019853      -0.44833702848349288     
  0.90500004298519343      -0.17664891001398303     
  0.90700004308018833      -0.22240062195236129     
  0.90900004317518324      -0.33244067236721636     
  0.91100004327017814       -3.0680400760822898E-002
  0.91300004336517304        4.4706590928393602E-002
  0.91500004346016794       -2.6183156442002938E-003
  0.91700004355516285       0.15100006771413535     
  0.91900004365015775       -8.8449125093835484E-002
  0.92100004374515265        3.0812949804385346E-002
  0.92300004384014755       0.14488669918633212     
  0.92500004393514246        4.9860645411970321E-002
  0.92700004403013736       0.28610068430995855     
  0.92900004412513226       0.38744684416389819     
  0.93100004422012717       0.49278408135173252     
  0.93300004431512207       0.52612304036602087     
  0.93500004441011697       0.43109714776510677     
  0.93700004450511187       0.55371502099961389     
  0.93900004460010678       0.53357302299753062     
  0.94100004469510168       0.35763267155180972     
  0.94300004479009658       0.58594376930088199     
  0.94500004488509148       0.42863051635927374     
  0.94700004498008639       0.80099626134634627     
  0.94900004507508129       0.62592860648567139     
  0.95100004517007619       0.71242123036652349     
  0.95300004526507109       0.81730675223757787     
  0.95500004536006600       0.69611194795078590     
  0.95700004545506090       0.64422996049020786     
  0.95900004555005580       0.71580288851750973     
  0.96100004564505070       0.78896610101161946     
  0.96300004574004561       0.78987450384473623     
  0.96500004583504051       0.72684799260750599     
  0.96700004593003541       0.84863283085764329     
  0.96900004602503031       0.72050039860239035     
  0.97100004612002522       0.86705172608344205     
  0.97300004621502012       0.97712692187705186     
  0.97500004631001502       0.85055076038476318     
  0.97700004640500993       0.70963260576044274     
  0.97900004650000483       0.70515272340040192     
  0.98100004659499973       0.73714912807392263     
  0.98300004668999463       0.80063990674607943     
  0.98500004678498954       0.85717889012357906     
  0.98700004687998444       0.87309526571609530     
  0.98900004697497934       0.55356494944005130     
  0.99100004706997424       0.71908499410604809     
  0.99300004716496915       0.52825093429244863     
  0.99500004725996405       0.61026928139412817     
  0.99700004735495895       0.52435999680567036     
  0.99900004744995385       0.35921391192284358     
   1.0010000475449488       0.45370398914567811     
   1.0030000476399437       0.45625445731974801     
   1.0050000477349386       0.42989854563188734     
   1.0070000478299335       0.42786002448762323     
   1.0090000479249284       0.35428218888753654     
   1.0110000480199233       0.46209542134889414     
   1.0130000481149182       0.23991358109900277     
   1.0150000482099131       0.38906123949132126     
   1.0170000483049080       0.27797346895134689     
   1.0190000483999029       0.20299367911730151     
   1.0210000484948978       0.28469645152935513     
   1.0230000485898927        3.4159024872545275E-002
   1.0250000486848876        6.5483714121528924E-002
   1.0270000487798825        6.0272795533927746E-002
   1.0290000488748774        7.9626958514333293E-004
   1.0310000489698723      -0.16276120757716342     
   1.0330000490648672       0.10382109383683910     
   1.0350000491598621      -0.20983132548237352     
   1.0370000492548570       0.11399814193832264     
   1.0390000493498519       -7.4040291820651902E-002
   1.0410000494448468        7.8890984555893065E-002
   1.0430000495398417      -0.56918694695916183     
   1.0450000496348366      -0.12924500089169669     
   1.0470000497298315      -0.32457119106205329     
   1.0490000498248264      -0.16411919278317944     
   1.0510000499198213      -0.27646101397333955     
   1.0530000500148162      -0.19252974787129923     
   1.0550000501098111      -0.20104204019725228     
   1.0570000502048060      -0.33068407647962722     
   1.0590000502998009      -0.24914459416190055     
   1.0610000503947958      -0.47963563341694160     
   1.0630000504897907      -0.37232731814292197     
   1.0650000505847856      -0.29763619188255358     
   1.0670000506797805      -0.49499235209579900     
   1.0690000507747754      -0.41449301041143405     
   1.0710000508697703      -0.35840630639515553     
   1.0730000509647653      -0.57939897504066173     
   1.0750000510597602      -0.30744574806005115     
   1.0770000511547551      -0.38698802741537308     
   1.0790000512497500      -0.41654974922274357     
   1.0810000513447449      -0.62063882508874957     
   1.0830000514397398      -0.26726578371321985     
   1.0850000515347347      -0.41281492119931512     
   1.0870000516297296      -0.35307054987632042     
   1.0890000517247245      -0.41120976223741812     
   1.0910000518197194      -0.12325105322325694     
   1.0930000519147143      -0.27185470080634483     
   1.0950000520097092      -0.31094343565805960     
   1.0970000521047041      -0.24339264614957068     
   1.0990000521996990      -0.29011557708025620     
   1.1010000522946939      -0.37461279383712104     
   1.1030000523896888      -0.27498660124218893     
   1.1050000524846837      -0.22607108265559006     
   1.1070000525796786      -0.23474950019630539     
   1.1090000526746735      -0.29683540494543942     
   1.1110000527696684      -0.28401891467062979     
   1.1130000528646633      -0.22337735535587591     
   1.1150000529596582      -0.21498117126363236     
   1.1170000530546531        1.0811962583326432E-002
   1.1190000531496480        4.4305395592580364E-002
   1.1210000532446429      -0.15485152181424824     
   1.1230000533396378      -0.16833991832856207     
   1.1250000534346327      -0.25274535393017294     
   1.1270000535296276      -0.13966539150118251     
   1.1290000536246225       0.10940534033780684     
   1.1310000537196174       -7.2107927375321637E-002
   1.1330000538146123      -0.26718497084843823     
   1.1350000539096072       -6.9375327052992694E-002
   1.1370000540046021        8.2305589008645375E-002
   1.1390000540995970       -9.0985354097543464E-003
   1.1410000541945919        6.6963809525365958E-002
   1.1430000542895868        8.7381019295957901E-002
   1.1450000543845817      -0.10173875272754543     
   1.1470000544795766       0.12650602685792420     
   1.1490000545745715        8.9536241584472084E-002
   1.1510000546695665       0.22210875825395529     
   1.1530000547645614        3.0315182481794541E-002
   1.1550000548595563        4.6769061639048704E-002
   1.1570000549545512       -2.7208708912486113E-002
   1.1590000550495461        1.1172337234063400E-002
   1.1610000551445410       0.22780665559223195     
   1.1630000552395359       0.23737141402873460     
   1.1650000553345308        5.7275643512867250E-002
   1.1670000554295257       0.11713058904948424     
   1.1690000555245206        2.9244232438386121E-002
   1.1710000556195155        6.8987431346742664E-002
   1.1730000557145104        5.6374501109641290E-002
   1.1750000558095053       0.28885262348549412     
   1.1770000559045002       -3.9194384687937310E-002
   1.1790000559994951       0.16061321671611795     
   1.1810000560944900        3.8445740507172220E-002
   1.1830000561894849        9.8440423447445857E-002
   1.1850000562844798       0.10747494731005500     
   1.1870000563794747       0.13152768042256507     
   1.1890000564744696        7.1327726525612076E-002
   1.1910000565694645       0.22087323596716971     
   1.1930000566644594       0.25638775331822827     
   1.1950000567594543       0.12020786268665618     
   1.1970000568544492        8.2852433083221322E-002
   1.1990000569494441       0.16702925027398483     
   1.2010000570444390       0.17664419035668721     
   1.2030000571394339       0.12945049443987972     
   1.2050000572344288       0.10219496234484779     
   1.2070000573294237        2.9052271310926876E-002
   1.2090000574244186       0.17258375029878664     
   1.2110000575194135        5.7261400672591924E-002
   1.2130000576144084      -0.15563206473183405     
   1.2150000577094033      -0.13535886551638562     
   1.2170000578043982       0.12888019425212821     
   1.2190000578993931       -8.9647997285952994E-003
   1.2210000579943880       0.19081155330782296     
   1.2230000580893829        5.7157859665011898E-002
   1.2250000581843778        9.8435747060373724E-002
   1.2270000582793728      -0.15131679594475952     
   1.2290000583743677       -5.3363590685194841E-002
   1.2310000584693626        2.9710917903407654E-002
   1.2330000585643575       0.15273152958832928     
   1.2350000586593524        4.5770677440389054E-002
   1.2370000587543473       0.16529996991691151     
   1.2390000588493422        3.5260083359516629E-002
   1.2410000589443371      -0.11343239654850253     
   1.2430000590393320        6.1990764751461376E-002
   1.2450000591343269      -0.12053744274403115     
   1.2470000592293218        3.0363095156119586E-002
   1.2490000593243167       0.13360247714872622     
   1.2510000594193116        4.0943964695987538E-002
   1.2530000595143065        9.5052172139733715E-002
   1.2550000596093014        6.9697059282784010E-002
   1.2570000597042963       -1.4940956386800264E-003
   1.2590000597992912       -9.0531354436232628E-002
   1.2610000598942861        3.3828397741103376E-002
   1.2630000599892810      -0.16892385834019238     
   1.2650000600842759      -0.12655603946865468     
   1.2670000601792708       -2.0588455154702839E-002
   1.2690000602742657       -3.9267110357807451E-002
   1.2710000603692606       -7.8809173014300057E-002
   1.2730000604642555       -9.0944312733633112E-002
   1.2750000605592504       -1.2447490308195188E-002
   1.2770000606542453      -0.15314195415265652     
   1.2790000607492402      -0.17925835796266082     
   1.2810000608442351      -0.23840241283818170     
   1.2830000609392300       -7.2834511099800645E-002
   1.2850000610342249        3.2882932277051545E-002
   1.2870000611292198      -0.11687071908818139     
   1.2890000612242147       -5.7543748132566470E-002
   1.2910000613192096       0.11655231848859195     
   1.2930000614142045        3.7016038418843558E-002
   1.2950000615091994        3.5393543869446029E-002
   1.2970000616041943      -0.26774098644670097     
   1.2990000616991892      -0.16958383947818517     
   1.3010000617941841       -1.9725658991178643E-002
   1.3030000618891791      -0.10289442582850625     
   1.3050000619841740      -0.12337238012535487     
   1.3070000620791689        6.1102699610305164E-002
   1.3090000621741638       0.15283157455829741     
   1.3110000622691587       -5.5432439229549740E-002
   1.3130000623641536      -0.13018757235663359     
   1.3150000624591485        8.5617774705324681E-002
   1.3170000625541434       -3.5873664494259945E-002
   1.3190000626491383        4.4875812631575550E-002
   1.3210000627441332       -6.2230194520872584E-002
   1.3230000628391281       -8.3814757126841246E-003
   1.3250000629341230       -3.0735419753831874E-003
   1.3270000630291179       -4.7687924820890633E-002
   1.3290000631241128        3.6565350392305407E-002
   1.3310000632191077       -5.0542804679147367E-002
   1.3330000633141026        8.3416027578865251E-002
   1.3350000634090975       -2.0909838110137437E-002
   1.3370000635040924       0.18658829708821986     
   1.3390000635990873        5.4737222847050002E-002
   1.3410000636940822        1.9410365736963597E-002
   1.3430000637890771        7.5727552828784720E-003
   1.3450000638840720       -6.6274423918107395E-002
   1.3470000639790669       -3.9312087473379428E-002
   1.3490000640740618        9.2475688144068854E-002
   1.3510000641690567        8.9984806864714259E-002
   1.3530000642640516       -2.1370433009236564E-002
   1.3550000643590465        7.0351135202971593E-002
   1.3570000644540414        9.6974421057142032E-002
   1.3590000645490363        4.6655507473982089E-002
   1.3610000646440312       -8.0383217249544725E-002
   1.3630000647390261        9.6213294314201978E-003
   1.3650000648340210        6.3351028337760998E-003
   1.3670000649290159       0.11559339852728288     
   1.3690000650240108       0.17211907596029433     
   1.3710000651190057        7.6972095602195784E-002
   1.3730000652140006       -2.8087268515293865E-002
   1.3750000653089955       -9.4095314047769968E-002
   1.3770000654039904       -6.7943264700857917E-002
   1.3790000654989854        8.7165759511161428E-002
   1.3810000655939803        4.4738775482898313E-002
   1.3830000656889752        6.9647200544345374E-003
   1.3850000657839701        6.6017842019467587E-002
   1.3870000658789650       0.12218862725963750     
   1.3890000659739599       0.16265327642426738     
   1.3910000660689548        5.4991559223430665E-002
   1.3930000661639497        5.7788357016476839E-002
   1.3950000662589446       0.17520789462845973     
   1.3970000663539395        6.5579771456563490E-002
   1.3990000664489344       -5.6259865254319703E-002
   1.4010000665439293       0.22328057635021803     
   1.4030000666389242        2.0559702942636033E-003
   1.4050000667339191       0.11779654527729311     
   1.4070000668289140        9.8978044535885865E-002
   1.4090000669239089       0.14711157254548596     
   1.4110000670189038        6.2336831439878997E-002
   1.4130000671138987       -7.4322324692838559E-002
   1.4150000672088936       -3.8656340927466573E-002
   1.4170000673038885      -0.20600548553319273     
   1.4190000673988834       0.10878406857678409     
   1.4210000674938783       -6.8143265335465511E-002
   1.4230000675888732       -1.5322476385109448E-002
   1.4250000676838681        2.4247896008452108E-002
   1.4270000677788630        2.2937852783693601E-002
   1.4290000678738579        5.0784548609263229E-002
   1.4310000679688528       -2.7832894370994447E-002
   1.4330000680638477       0.13179641428291056     
   1.4350000681588426      -0.10596230897493085     
   1.4370000682538375       -9.8808151200632608E-003
   1.4390000683488324       -3.6807624214377957E-002
   1.4410000684438273       0.11620708620631397     
   1.4430000685388222       -4.0571961388120283E-002
   1.4450000686338171       -9.1337232987706657E-002
   1.4470000687288120        1.1113809910088319E-002
   1.4490000688238069       -5.2042622761251128E-002
   1.4510000689188018        3.1395845463182942E-002
   1.4530000690137967      -0.17116378563356804     
   1.4550000691087916      -0.15651555625178604     
   1.4570000692037866       -1.1200075499865148E-002
   1.4590000692987815       -9.4266486191972691E-003
   1.4610000693937764        3.3179497168284694E-002
   1.4630000694887713      -0.12581638583065832     
   1.4650000695837662        6.4425759180793910E-003
   1.4670000696787611      -0.12332906597572589     
   1.4690000697737560        5.7511562255081521E-002
   1.4710000698687509       -1.6676671358006896E-002
   1.4730000699637458      -0.10328575533427101     
   1.4750000700587407      -0.12439758204454285     
   1.4770000701537356       -5.7972391409769264E-003
   1.4790000702487305       -4.1704398356244225E-002
   1.4810000703437254      -0.18351148318492710     
   1.4830000704387203        2.7985399174472913E-002
   1.4850000705337152        1.6822506981572971E-003
   1.4870000706287101      -0.20483540040842851     
   1.4890000707237050       -1.5971688935152431E-003
   1.4910000708186999        1.0846801557055991E-002
   1.4930000709136948      -0.11248958057147299     
   1.4950000710086897       -4.2023648422673469E-002
   1.4970000711036846        2.5658527129685593E-002
   1.4990000711986795      -0.11196608742363262     
   1.5010000712936744       -2.0207999606836308E-002
   1.5030000713886693      -0.18780779806006867     
   1.5050000714836642       -5.8813230747252254E-002
   1.5070000715786591       -3.7867324130215103E-002
   1.5090000716736540      -0.11019081555700942     
   1.5110000717686489       -6.8539351900265416E-002
   1.5130000718636438        1.9446749364891693E-002
   1.5150000719586387        3.6513382723667900E-002
   1.5170000720536336       -5.3856375702525605E-002
   1.5190000721486285        2.9232461757792514E-003
   1.5210000722436234      -0.12318255938989606     
   1.5230000723386183       -1.8901422426394584E-002
   1.5250000724336132        8.3310796848958923E-002
   1.5270000725286081        3.1819661086400931E-003
   1.5290000726236030       -1.7310803169495158E-003
   1.5310000727185979       -2.5610647825628031E-002
   1.5330000728135929       -8.3591585640279534E-002
   1.5350000729085878       0.10047807268404056     
   1.5370000730035827        1.8273139864822249E-002
   1.5390000730985776       -6.1369272415203652E-002
   1.5410000731935725        2.0734736582815480E-002
   1.5430000732885674      -0.15447021890186288     
   1.5450000733835623       -4.3515571675808946E-002
   1.5470000734785572       -3.8682333590962813E-002
   1.5490000735735521       0.11103891268797240     
   1.5510000736685470        3.0492049104835245E-002
   1.5530000737635419        2.6917750749671929E-002
   1.5550000738585368        7.3990429214860334E-002
   1.5570000739535317       0.16909418908244586     
   1.5590000740485266       -5.8000935295083905E-002
   1.5610000741435215       0.12387058105244889     
   1.5630000742385164        4.4244676450064462E-002
   1.5650000743335113       -1.1015703785209356E-002
   1.5670000744285062       -6.4552164777397308E-002
   1.5690000745235011       0.19480704355298220     
   1.5710000746184960       0.13691981315133220     
   1.5730000747134909       -7.5032743199727289E-002
   1.5750000748084858       -1.3867239049032472E-002
   1.5770000749034807        4.8073284977498944E-002
   1.5790000749984756       -4.7951580523654558E-002
   1.5810000750934705        2.4286208117692033E-002
   1.5830000751884654       -9.1516210847347144E-003
   1.5850000752834603       0.15216470862979081     
   1.5870000753784552       0.17186718629647801     
   1.5890000754734501       0.15687587976590486     
   1.5910000755684450        4.3567068767314872E-002
   1.5930000756634399       -5.8143002335443172E-002
   1.5950000757584348        4.1095215969030430E-002
   1.5970000758534297       0.16423386436874579     
   1.5990000759484246        4.9001890894525169E-002
   1.6010000760434195        8.4601732669552315E-002
   1.6030000761384144       0.10617748291550297     
   1.6050000762334093        6.8797648716430501E-002
   1.6070000763284042        4.3813880553495721E-002
   1.6090000764233992        5.2107333827642668E-003
   1.6110000765183941       -6.2048779638139262E-002
   1.6130000766133890        5.1201102215708153E-003
   1.6150000767083839        1.6938587496570307E-002
   1.6170000768033788        4.5143887415931110E-004
   1.6190000768983737        5.3974573270618956E-002
   1.6210000769933686        8.7147452136958931E-002
   1.6230000770883635       -5.0636117414463104E-002
   1.6250000771833584        4.5147492828925551E-002
   1.6270000772783533        5.8031557375977497E-002
   1.6290000773733482        3.7809048833234715E-002
   1.6310000774683431        7.1439260263737397E-002
   1.6330000775633380       -1.2646739741100867E-002
   1.6350000776583329        6.4908386864018536E-002
   1.6370000777533278        8.3061071200031797E-002
   1.6390000778483227        9.3843509520034910E-002
   1.6410000779433176        6.1491527479604777E-002
   1.6430000780383125       -5.0535242080766561E-002
   1.6450000781333074        1.0344207871779030E-002
   1.6470000782283023        3.7981749737918805E-002
   1.6490000783232972        1.4076850619934222E-002
   1.6510000784182921      -0.12774586921361980     
   1.6530000785132870       -9.8617053896492640E-002
   1.6550000786082819        1.2128055799715681E-002
   1.6570000787032768        2.8250996508215522E-003
   1.6590000787982717       -9.0981823800998493E-002
   1.6610000788932666      -0.18397049952156480     
   1.6630000789882615       -3.0486422418118616E-003
   1.6650000790832564      -0.10711538112968125     
   1.6670000791782513        6.8387019071240868E-002
   1.6690000792732462      -0.14122871994279840     
   1.6710000793682411        1.1232618318762351E-002
   1.6730000794632360       -2.1387372264862883E-002
   1.6750000795582309       -2.8248096809518324E-002
   1.6770000796532258       -4.9766021750239885E-003
   1.6790000797482207        5.7662915846129842E-002
   1.6810000798432156      -0.11988517125024067     
   1.6830000799382105       -3.1909317550955295E-002
   1.6850000800332054       -2.5597551067899280E-002
   1.6870000801282004       0.10973161615466459     
   1.6890000802231953        7.8025325780970878E-002
   1.6910000803181902      -0.11888423603437591     
   1.6930000804131851       -5.8242798909820493E-003
   1.6950000805081800        6.6028902138407675E-002
   1.6970000806031749      -0.12149974752799533     
   1.6990000806981698       -3.8321106521041280E-002
   1.7010000807931647       -5.9444612975254781E-003
   1.7030000808881596       -1.4361130106389243E-002
   1.7050000809831545       -8.1788323395545811E-003
   1.7070000810781494      -0.16313569342646941     
   1.7090000811731443       -4.7919792267023063E-003
   1.7110000812681392       -5.0399820979797602E-002
   1.7130000813631341       -8.1888157294921299E-002
   1.7150000814581290       -7.4416185342387559E-002
   1.7170000815531239       -4.8103465555251301E-002
   1.7190000816481188       -7.5611017993537338E-002
   1.7210000817431137       -8.5569343571854098E-002
   1.7230000818381086       -4.0725794110453156E-002
   1.7250000819331035       -3.2527797248826262E-002
   1.7270000820280984        6.2869654387704060E-002
   1.7290000821230933        4.3658814121851693E-002
   1.7310000822180882       -8.9479582609474764E-002
   1.7330000823130831       -5.3620049095777590E-002
   1.7350000824080780       -8.5930504709455083E-002
   1.7370000825030729        5.8962214192378071E-002
   1.7390000825980678       0.10410368805339665     
   1.7410000826930627       -1.5632546862208725E-002
   1.7430000827880576       -6.8825261892182257E-002
   1.7450000828830525       -4.0979043661631340E-002
   1.7470000829780474       -5.5250365063927907E-005
   1.7490000830730423        2.2490624056665527E-002
   1.7510000831680372       -1.9634366169464294E-002
   1.7530000832630321       -2.5735343703498684E-002
   1.7550000833580270       -1.2591995411420753E-002
   1.7570000834530219        3.4303393340473096E-002
   1.7590000835480168        3.1609474598021228E-002
   1.7610000836430117        1.2506335836497537E-002
   1.7630000837380067       0.10004082277623517     
   1.7650000838330016        3.4534424425123930E-002
   1.7670000839279965       -8.8571033438104643E-003
   1.7690000840229914       -3.6372158092802559E-002
   1.7710000841179863        5.6881299350370930E-002
   1.7730000842129812        4.9565040263752899E-002
   1.7750000843079761        5.3039314579426490E-002
   1.7770000844029710      -0.10979162631261699     
   1.7790000844979659       -5.8448812896834720E-002
   1.7810000845929608       -4.1837705363422045E-002
   1.7830000846879557       -7.6061945369889569E-002
   1.7850000847829506       -2.3974122771773375E-002
   1.7870000848779455        6.3576753310173498E-002
   1.7890000849729404      -0.11496219021886928     
   1.7910000850679353        9.2416318350355880E-002
   1.7930000851629302        2.3026339596849597E-002
   1.7950000852579251       -3.3494386895236553E-003
   1.7970000853529200        6.7361929824400878E-003
   1.7990000854479149        6.1220448164883860E-002
   1.8010000855429098      -0.15642844451625157     
   1.8030000856379047        5.1612226215653874E-002
   1.8050000857328996       -2.6137131961677353E-002
   1.8070000858278945        4.2863018558105363E-003
   1.8090000859228894        7.0593448627128000E-003
   1.8110000860178843        5.2648259840413082E-002
   1.8130000861128792       -1.0516693529114468E-002
   1.8150000862078741       -1.3411241961014831E-002
   1.8170000863028690        9.0709771369364006E-002
   1.8190000863978639        3.3431772809978798E-002
   1.8210000864928588       -1.1695772448471349E-002
   1.8230000865878537       -1.1771603172666990E-002
   1.8250000866828486       -3.6250020007002018E-002
   1.8270000867778435        9.6034214425858050E-002
   1.8290000868728384       -7.5610970798254701E-003
   1.8310000869678333       -1.0059450854403030E-004
   1.8330000870628282       -9.4202040251547575E-002
   1.8350000871578231       -3.2751151764941755E-002
   1.8370000872528180        1.9088245710225760E-002
   1.8390000873478130        6.5815993175766521E-003
   1.8410000874428079       0.11323629400520159     
   1.8430000875378028       0.11805439137820485     
   1.8450000876327977        9.0652401906339400E-002
   1.8470000877277926        4.8638735359717120E-002
   1.8490000878227875       -5.6819789932704756E-002
   1.8510000879177824       -1.4912510349584249E-002
   1.8530000880127773       0.10519366709017541     
   1.8550000881077722      -0.10717214485433671     
   1.8570000882027671        2.0977534889184413E-002
   1.8590000882977620       -4.6109880471503474E-002
   1.8610000883927569        1.7527933709184072E-003
   1.8630000884877518        4.0519241639093165E-002
   1.8650000885827467        8.5858215278315678E-002
   1.8670000886777416       0.23883361881523907     
   1.8690000887727365       -4.3107597984335000E-002
   1.8710000888677314        6.2813209460892444E-002
   1.8730000889627263        3.7203720586939021E-002
   1.8750000890577212        7.2905788604517938E-003
   1.8770000891527161       -5.5998743802064439E-003
   1.8790000892477110       -1.4710184663046700E-002
   1.8810000893427059        3.8079405248424007E-002
   1.8830000894377008        2.4349513554130071E-002
   1.8850000895326957        1.2054021899167978E-002
   1.8870000896276906       0.13250274593472489     
   1.8890000897226855       -2.6510621804002477E-002
   1.8910000898176804        3.7206165570329408E-002
   1.8930000899126753        8.7054548898398768E-002
   1.8950000900076702        7.1187172218586836E-002
   1.8970000901026651        8.9265016038165126E-002
   1.8990000901976600        1.0754714249008473E-003
   1.9010000902926549       -1.0265483667781699E-002
   1.9030000903876498        4.4235098440384459E-002
   1.9050000904826447       -7.0395296464028465E-002
   1.9070000905776396        2.4018691452921261E-002
   1.9090000906726345       -3.0261249840962921E-002
   1.9110000907676294       0.11765192007938097     
   1.9130000908626243       -5.3864860680061272E-002
   1.9150000909576192        1.8760464035708087E-002
   1.9170000910526142        5.5980474444528409E-002
   1.9190000911476091       -7.0699821378212124E-002
   1.9210000912426040       -9.7009939682711488E-002
   1.9230000913375989      -0.10246262410877650     
   1.9250000914325938       -1.7928985847914077E-002
   1.9270000915275887       -9.9494693528609068E-002
   1.9290000916225836        1.6767110992241888E-003
   1.9310000917175785        3.6946940355757088E-002
   1.9330000918125734       -5.9299717957154434E-002
   1.9350000919075683       -6.2149568594256438E-002
   1.9370000920025632       -8.6829810139058897E-002
   1.9390000920975581       -7.6380060958336313E-002
   1.9410000921925530       -8.4279164222846287E-002
   1.9430000922875479       -7.0795334216675068E-002
   1.9450000923825428        4.2434462756075701E-002
   1.9470000924775377       -4.9331078947691454E-002
   1.9490000925725326      -0.12411791174553725     
   1.9510000926675275        2.7554771706602945E-002
   1.9530000927625224        5.7870352982027640E-002
   1.9550000928575173        9.1459063502389942E-002
   1.9570000929525122        7.2647933385516072E-003
   1.9590000930475071       -1.5202961595500095E-002
   1.9610000931425020       -9.2303439522579911E-002
   1.9630000932374969       -4.5992083975504382E-002
   1.9650000933324918        1.3756451337528560E-002
   1.9670000934274867       -2.8459379921850821E-002
   1.9690000935224816       -7.8898150443033985E-002
   1.9710000936174765       -9.3886736435174270E-002
   1.9730000937124714       -2.0012842485960729E-002
   1.9750000938074663       0.11408437369224803     
   1.9770000939024612        2.5885638632479869E-003
   1.9790000939974561        3.6898626962025942E-002
   1.9810000940924510       -6.8578014707000923E-002
   1.9830000941874459      -0.12573017212011964     
   1.9850000942824408       -2.9956977306111763E-004
   1.9870000943774357        5.7273538577302253E-002
   1.9890000944724306        2.0118398446557949E-002
   1.9910000945674255       -4.8280784065890585E-002
   1.9930000946624205       -6.1471659469777659E-002
   1.9950000947574154       -1.0083519209548326E-002
   1.9970000948524103       -6.8498310188476963E-002
   1.9990000949474052        5.9035480089953921E-002
