0.1	-0.022810265331609958
0.101	-0.02278795830356778
0.10200000000000001	-0.022765514902238992
0.10300000000000001	-0.022742935163037492
0.10400000000000001	-0.022720219121377283
0.10500000000000001	-0.022697366812672315
0.10600000000000001	-0.02267437827233648
0.10700000000000001	-0.02265125353578379
0.10800000000000001	-0.022627992638428185
0.10900000000000001	-0.022604595615683565
0.11	-0.02258106250296399
0.111	-0.022557393335683296
0.112	-0.02253358814925549
0.113	-0.022509646979094466
0.114	-0.022485569860614285
0.115	-0.02246135682922884
0.116	-0.02243700792035208
0.117	-0.022412523169397902
0.11800000000000001	-0.022387902611780364
0.11900000000000001	-0.02236314628291336
0.12000000000000001	-0.02233825421821084
0.12100000000000001	-0.022313226453086754
0.122	-0.02228806302295505
0.123	-0.022262763963229737
0.124	-0.02223732930932465
0.125	-0.02221175909665385
0.126	-0.02218605336063123
0.127	-0.022160212136670798
0.128	-0.022134235460186447
0.129	-0.022108123366592125
0.13	-0.02208187589130184
0.131	-0.022055493069729537
0.132	-0.02202897493728906
0.133	-0.02200232152939452
0.134	-0.02197553288145976
0.135	-0.021948609028898725
0.136	-0.021921550007125423
0.137	-0.021894355851553804
0.138	-0.02186702659759776
0.139	-0.0218395622806713
0.14	-0.021811962936188367
0.14100000000000001	-0.021784228599562916
0.14200000000000002	-0.021756359306208894
0.14300000000000002	-0.021728355091540197
0.14400000000000002	-0.021700215990970828
0.14500000000000002	-0.021671942039914738
0.14600000000000002	-0.021643533273785875
0.14700000000000002	-0.021614989727998246
0.14800000000000002	-0.02158631143796569
0.14900000000000002	-0.021557498439102207
0.15000000000000002	-0.021528550766821752
0.15100000000000002	-0.021499468456538273
0.15200000000000002	-0.021470251543665775
0.153	-0.021440900063618096
0.154	-0.021411414051809297
0.155	-0.02138179354365327
0.156	-0.021352038574564025
0.157	-0.021322149179955396
0.158	-0.021292125395241446
0.159	-0.021261967255836067
0.16	-0.021231674797153266
0.161	-0.021201248054606936
0.162	-0.021170687063611082
0.163	-0.0211399918595796
0.164	-0.021109162477926435
0.165	-0.021078198954065652
0.166	-0.021047101323411033
0.167	-0.021015869621376693
0.168	-0.02098450388337647
0.169	-0.020953004144824317
0.17	-0.02092137044113429
0.171	-0.02088960280772023
0.17200000000000001	-0.020857701279996144
0.173	-0.020825665893375922
0.174	-0.020793496683273627
0.175	-0.020761193685103096
0.176	-0.02072875693427839
0.177	-0.02069618646621335
0.178	-0.02066348231632198
0.179	-0.020630644520018226
0.18	-0.020597673112716097
0.181	-0.02056456812982943
0.182	-0.02053132960677223
0.183	-0.020497957578958503
0.184	-0.020464452081802142
0.185	-0.020430813150717098
0.186	-0.020397040821117318
0.187	-0.020363135128416754
0.188	-0.02032909610802941
0.189	-0.02029492379536918
0.19	-0.020260618225850013
0.191	-0.020226179434885916
0.192	-0.02019160745789078
0.193	-0.020156902330278614
0.194	-0.02012206408746331
0.195	-0.020087092764858816
0.196	-0.02005198839787914
0.197	-0.02001675102193823
0.198	-0.019981380672449978
0.199	-0.019945877384828392
0.2	-0.01991024119448742
0.201	-0.019873938851528772
0.202	-0.019837504957075536
0.203	-0.019800940826938562
0.20400000000000001	-0.0197642477769287
0.20500000000000002	-0.019727427122856855
0.20600000000000002	-0.01969048018053382
0.20700000000000002	-0.0196534082657705
0.20800000000000002	-0.019616212694377744
0.20900000000000002	-0.0195788947821664
0.21000000000000002	-0.019541455844947375
0.21100000000000002	-0.01950389719853146
0.21200000000000002	-0.019466220158729564
0.21300000000000002	-0.01942842604135253
0.21400000000000002	-0.019390516162211213
0.21500000000000002	-0.01935249183711646
0.21600000000000003	-0.019314354381879173
0.21700000000000003	-0.01927610511231015
0.21800000000000003	-0.01923774534422029
0.21900000000000003	-0.01919927639342045
0.22	-0.01916069957572153
0.221	-0.019122016206934267
0.222	-0.01908322760286968
0.223	-0.019044335079338504
0.224	-0.019005339952151645
0.225	-0.018966243537119953
0.226	-0.018927047150054277
0.227	-0.01888775210676552
0.228	-0.018848359723064534
0.229	-0.01880887131476211
0.23	-0.01876928819766921
0.231	-0.01872961168759657
0.232	-0.018689843100355152
0.233	-0.018649983751755805
0.234	-0.018610034957609378
0.23500000000000001	-0.018569998033726665
0.23600000000000002	-0.018529874295918625
0.23700000000000002	-0.018489665059996052
0.23800000000000002	-0.018449371641769796
0.23900000000000002	-0.01840899535705076
0.24000000000000002	-0.018368537521649797
0.24100000000000002	-0.018327999451377808
0.24200000000000002	-0.01828738246204553
0.24300000000000002	-0.01824668786946393
0.24400000000000002	-0.018205916989443793
0.245	-0.01816507113779603
0.246	-0.018124151630331542
0.247	-0.01808315978286107
0.248	-0.01804209691119557
0.249	-0.01800096433114584
0.25	-0.017959763358522784
0.251	-0.017918639170353634
0.252	-0.017877448875827817
0.253	-0.017836193445351034
0.254	-0.01779487384932915
0.255	-0.017753491058167814
0.256	-0.017712046042272944
0.257	-0.017670539772050242
0.258	-0.01762897321790552
0.259	-0.01758734735024453
0.26	-0.01754566313947309
0.261	-0.017503921555996893
0.262	-0.01746212357022181
0.263	-0.01742027015255354
0.264	-0.01737836227339795
0.265	-0.017336400903160742
0.266	-0.017294387012247725
0.267	-0.017252321571064655
0.268	-0.017210205550017343
0.269	-0.017168039919511546
0.27	-0.017125825649953075
0.271	-0.01708356371174763
0.272	-0.017041255075301076
0.273	-0.01699890071101917
0.274	-0.016956501589307615
0.275	-0.01691405868057233
0.276	-0.01687157295521896
0.277	-0.016829045383653318
0.278	-0.016786476936281214
0.279	-0.01674386858350846
0.28	-0.016701221295740754
0.281	-0.016658536043383854
0.28200000000000003	-0.016615813796843626
0.28300000000000003	-0.016573055526525826
0.28400000000000003	-0.01653026220283621
0.28500000000000003	-0.01648743479618059
0.28600000000000003	-0.016444574276964663
0.28700000000000003	-0.0164016816155943
0.28800000000000003	-0.016358757782475197
0.28900000000000003	-0.016315803748013225
0.29000000000000004	-0.01627282048261408
0.29100000000000004	-0.016229808956683578
0.29200000000000004	-0.01618677014062747
0.29300000000000004	-0.016143705004851572
0.29400000000000004	-0.01610061451976169
0.29500000000000004	-0.016057499655763474
0.29600000000000004	-0.016014361383262843
0.29700000000000004	-0.015971200672665498
0.29800000000000004	-0.01592801849437725
0.29900000000000004	-0.015884815818803855
0.30000000000000004	-0.01584159361635107
0.30100000000000005	-0.015798417887900207
0.30200000000000005	-0.015755224417245917
0.30300000000000005	-0.015712014018658405
0.30400000000000005	-0.015668787506407822
0.30500000000000005	-0.01562554569476443
0.30600000000000005	-0.015582289397998383
0.30700000000000005	-0.01553901943037983
0.30800000000000005	-0.015495736606178978
0.309	-0.015452441739665979
0.31	-0.015409135645111094
0.311	-0.01536581913678442
0.312	-0.015322493028956163
0.313	-0.015279158135896476
0.314	-0.015235815271875619
0.315	-0.015192465251163745
0.316	-0.01514910888803106
0.317	-0.01510574699674766
0.318	-0.015062380391583807
0.319	-0.015019009886809653
0.32	-0.01497563629669535
0.321	-0.014932260435511158
0.322	-0.014888883117527174
0.323	-0.014845505157013661
0.324	-0.01480212736824077
0.325	-0.014758750565478707
0.326	-0.014715375562997568
0.327	-0.014672003175067616
0.328	-0.014628634215959002
0.329	-0.014585269499941933
0.33	-0.01454190984128656
0.331	-0.01449855605426309
0.332	-0.01445520895314173
0.333	-0.014411869352192574
0.334	-0.014368538065685887
0.335	-0.014325215907891875
0.336	-0.014281903693080578
0.337	-0.014238602235522368
0.338	-0.014195312349487288
0.339	-0.014152034849245543
0.33999999999999997	-0.01410877054906734
0.34099999999999997	-0.014065520263222886
0.34199999999999997	-0.014022284805982332
0.34299999999999997	-0.013979064991615886
0.344	-0.013935861634393643
0.345	-0.01389267554858592
0.346	-0.013849507548462814
0.347	-0.013806358448294531
0.348	-0.013763229062351223
0.349	-0.013720120204903097
0.35	-0.013677032690220359
0.351	-0.013634041722011103
0.352	-0.013591073546501464
0.353	-0.013548128799355574
0.354	-0.013505208116237455
0.355	-0.013462312132811294
0.356	-0.013419441484741113
0.357	-0.013376596807690988
0.358	-0.013333778737325053
0.359	-0.013290987909307383
0.36	-0.013248224959302057
0.361	-0.013205490522973207
0.362	-0.013162785235984853
0.363	-0.013120109734001129
0.364	-0.01307746465268611
0.365	-0.013034850627703876
0.366	-0.012992268294718556
0.367	-0.012949718289394174
0.368	-0.012907201247394862
0.369	-0.012864717804384751
0.37	-0.012822268596027808
0.371	-0.012779854257988277
0.372	-0.012737475425930123
0.373	-0.012695132735517478
0.374	-0.01265282682241442
0.375	-0.012610558322285081
0.376	-0.012568327870793539
0.377	-0.012526136103603813
0.378	-0.012483983656380093
0.379	-0.012441871164786344
0.38	-0.01239979926448681
0.381	-0.012357768591145457
0.382	-0.012315779780426417
0.383	-0.012273833467993822
0.384	-0.012231930289511694
0.385	-0.01219007088064411
0.386	-0.012148255877055258
0.387	-0.012106485914409104
0.388	-0.012064761628369836
0.389	-0.012023083654601474
0.39	-0.011981452628768152
0.391	-0.011939869186534002
0.392	-0.01189833396356299
0.393	-0.011856847595519304
0.394	-0.011815410718066965
0.395	-0.011774023966870162
0.396	-0.01173268797759286
0.397	-0.011691403385899246
0.398	-0.011650170827453343
0.399	-0.011608990937919283
0.4	-0.011567864352961144
0.401	-0.011526853320012742
0.402	-0.011485896715041022
0.403	-0.011444995025782667
0.404	-0.011404148739974307
0.405	-0.011363358345352681
0.406	-0.011322624329654363
0.40700000000000003	-0.011281947180616092
0.40800000000000003	-0.011241327385974553
0.40900000000000003	-0.011200765433466375
0.41000000000000003	-0.011160261810828243
0.41100000000000003	-0.011119817005796784
0.41200000000000003	-0.011079431506108739
0.41300000000000003	-0.011039105799500792
0.41400000000000003	-0.010998840373709518
0.41500000000000004	-0.01095863571647171
0.41600000000000004	-0.010918492315523887
0.41700000000000004	-0.010878410658602844
0.41800000000000004	-0.010838391233445266
0.41900000000000004	-0.01079843452778767
0.42000000000000004	-0.010758541029366908
0.42100000000000004	-0.010718711225919553
0.42200000000000004	-0.010678945605182288
0.42300000000000004	-0.010639244654891744
0.42400000000000004	-0.010599608862784715
0.42500000000000004	-0.01056003871659772
0.42600000000000005	-0.010520534704067552
0.42700000000000005	-0.010481097312930843
0.42800000000000005	-0.01044172703092422
0.42900000000000005	-0.010402424345784422
0.43000000000000005	-0.010363189745248025
0.43100000000000005	-0.010324023717051822
0.43200000000000005	-0.010284926748932388
0.43300000000000005	-0.010245899328626462
0.43400000000000005	-0.010206941943870673
0.43500000000000005	-0.010168055082401706
0.43600000000000005	-0.010129239231956189
0.43700000000000006	-0.010090494880270862
0.43800000000000006	-0.010051822515082354
0.43900000000000006	-0.01001322262412735
0.44000000000000006	-0.009974695695142477
0.44100000000000006	-0.009936242215864477
0.44200000000000006	-0.009897862674030034
0.44300000000000006	-0.00985955755737572
0.44400000000000006	-0.009821327353638276
0.44500000000000006	-0.009783172550554331
0.44600000000000006	-0.009745093635860624
0.44700000000000006	-0.009707091097293785
0.44800000000000006	-0.009669165422590442
0.44900000000000007	-0.009631317099487335
0.45000000000000007	-0.009593546615721094
0.45100000000000007	-0.009555856467958923
0.45199999999999996	-0.009518245130183622
0.45299999999999996	-0.009480713085308456
0.45399999999999996	-0.009443260816246801
0.45499999999999996	-0.009405888805911922
0.45599999999999996	-0.009368597537217083
0.45699999999999996	-0.009331387493075716
0.45799999999999996	-0.00929425915640103
0.45899999999999996	-0.009257213010106347
0.45999999999999996	-0.009220249537104985
0.46099999999999997	-0.009183369220310267
0.46199999999999997	-0.009146572542635456
0.46299999999999997	-0.009109859986993929
0.46399999999999997	-0.009073232036299006
0.46499999999999997	-0.009036689173463897
0.46599999999999997	-0.009000231881401921
0.46699999999999997	-0.008963860643026511
0.46799999999999997	-0.00892757594125082
0.469	-0.00889137825898828
0.47	-0.008855268079152101
0.471	-0.008819245884655713
0.472	-0.00878331215841227
0.473	-0.008747467383335206
0.474	-0.008711712042337727
0.475	-0.008676046618333266
0.476	-0.008640471594235033
0.477	-0.008604987452956347
0.478	-0.00856959467741053
0.479	-0.008534293750510957
0.48	-0.008499085155170782
0.481	-0.008463969374303493
0.482	-0.008428946890822242
0.483	-0.008394018187640462
0.484	-0.008359183747671362
0.485	-0.008324444053828317
0.486	-0.008289799589024593
0.487	-0.008255250836173511
0.488	-0.008220798278188446
0.489	-0.008186442397982552
0.49	-0.008152183678469316
0.491	-0.008118022602561892
0.492	-0.008083959653173711
0.493	-0.008049995313217984
0.494	-0.008016130065608085
0.495	-0.007982364393257335
0.496	-0.007948698779078944
0.497	-0.007915133705986288
0.498	-0.007881669656892742
0.499	-0.007848307114711461
0.5	-0.007815046562355876
0.501	-0.007782225957530697
0.502	-0.007749507498094221
0.503	-0.007716890856696079
0.504	-0.0076843757059860684
0.505	-0.0076519617186137645
0.506	-0.007619648567228965
0.507	-0.007587435924481356
0.508	-0.0075553234630206245
0.509	-0.007523310855496512
0.51	-0.00749139777455865
0.511	-0.007459583892856836
0.512	-0.0074278688830407
0.513	-0.00739625241775993
0.514	-0.007364734169664322
0.515	-0.007333313811403452
0.516	-0.007301991015627174
0.517	-0.007270765454985062
0.518	-0.007239636802126914
0.519	-0.0072086047297023614
0.52	-0.00717766891036109
0.521	-0.007146829016752898
0.522	-0.007116084721527471
0.523	-0.007085435697334441
0.524	-0.0070548816168235495
0.525	-0.007024422152644483
0.526	-0.006994056977446983
0.527	-0.0069637857638807366
0.528	-0.00693360818459543
0.529	-0.006903523912240805
0.53	-0.006873532619466549
0.531	-0.006843633978922292
0.532	-0.006813827663257832
0.533	-0.006784113345122855
0.534	-0.006754490697167048
0.535	-0.006724959392040153
0.536	-0.0066955191023918
0.537	-0.006666169500871677
0.538	-0.006636910260129636
0.539	-0.006607741052815197
0.54	-0.006578661551578213
0.541	-0.0065496714290683156
0.542	-0.0065207703579351906
0.543	-0.00649195801082858
0.544	-0.006463234060398171
0.545	-0.006434598179293705
0.546	-0.006406050040164812
0.547	-0.006377589315661236
0.548	-0.006349215678432718
0.549	-0.006320928801128889
0.55	-0.006292728356399491
0.551	-0.006264412743495484
0.552	-0.0062361833917148335
0.553	-0.006208040456956554
0.554	-0.006179984095119939
0.555	-0.006152014462104061
0.556	-0.006124131713808101
0.557	-0.006096336006131298
0.558	-0.006068627494972667
0.559	-0.0060410063362315025
0.56	-0.0060134726858068754
0.561	-0.005986026699597968
0.562	-0.0059586685335039635
0.5630000000000001	-0.005931398343423988
0.5640000000000001	-0.00590421628525728
0.5650000000000001	-0.0058771225149029105
0.5660000000000001	-0.005850117188260007
0.5670000000000001	-0.005823200461227862
0.5680000000000001	-0.005796372489705548
0.5690000000000001	-0.005769633429592247
0.5700000000000001	-0.005742983436787141
0.5710000000000001	-0.005716422667189303
0.5720000000000001	-0.005689951276698024
0.5730000000000001	-0.005663569421212322
0.5740000000000001	-0.00563727725663149
0.5750000000000001	-0.005611074938854599
0.5760000000000001	-0.005584962623780831
0.5770000000000001	-0.00555894046730937
0.5780000000000001	-0.005533008625339342
0.5790000000000001	-0.005507167253769929
0.58	-0.005481416508500314
0.581	-0.005455756545429569
0.582	-0.005430187520456986
0.583	-0.005404709589481582
0.584	-0.005379322908402651
0.585	-0.005354027633119207
0.586	-0.005328823919530545
0.587	-0.005303711923535792
0.588	-0.005278691801034074
0.589	-0.005253763707924519
0.59	-0.005228927800106364
0.591	-0.005204184233478737
0.592	-0.005179533163940819
0.593	-0.0051549747473917384
0.594	-0.005130509139730677
0.595	-0.005106136496856761
0.596	-0.005081856974669174
0.597	-0.005057670729067099
0.598	-0.005033577915949661
0.599	-0.005009578691216043
0.6	-0.004985673210765373
0.601	-0.004961995304630928
0.602	-0.004938411133631471
0.603	-0.0049149205327198575
0.604	-0.004891523336848946
0.605	-0.00486821938097165
0.606	-0.004845008500040715
0.607	-0.00482189052900911
0.608	-0.004798865302829636
0.609	-0.004775932656455151
0.61	-0.0047530924248385675
0.611	-0.004730344442932688
0.612	-0.004707688545690425
0.613	-0.00468512456806458
0.614	-0.004662652345008067
0.615	-0.004640271711473687
0.616	-0.004617982502414353
0.617	-0.004595784552782867
0.618	-0.004573677697532141
0.619	-0.004551661771615034
0.62	-0.004529736609984403
0.621	-0.004507902047593049
0.622	-0.004486157919393885
0.623	-0.0044645040603398245
0.624	-0.004442940305383614
0.625	-0.004421466489478165
0.626	-0.004400082447576337
0.627	-0.0043787880146309854
0.628	-0.004357583025595024
0.629	-0.0043364673154212
0.63	-0.00431544071906248
0.631	-0.004294503071471667
0.632	-0.004273654207601618
0.633	-0.004252893962405246
0.634	-0.004232222170835298
0.635	-0.004211638667844797
0.636	-0.004191143288386434
0.637	-0.004170735867413233
0.638	-0.0041504162398778854
0.639	-0.004130184240733414
0.64	-0.0041100397049325665
0.641	-0.004089982467428199
0.642	-0.0040700123631732255
0.643	-0.0040501292271205025
0.644	-0.004030332894222888
0.645	-0.004010623199433239
0.646	-0.003990999977704357
0.647	-0.003971463063989156
0.648	-0.003952012293240548
0.649	-0.003932647500411279
0.65	-0.003913368520454263
0.651	-0.003894294061559611
0.652	-0.0038753048000330637
0.653	-0.0038564002854174495
0.654	-0.003837580067255708
0.655	-0.003818843695090779
0.656	-0.0038001907184656014
0.657	-0.003781620686923115
0.658	-0.0037631331500062593
0.659	-0.0037447276572578625
0.66	-0.0037264037582209197
0.661	-0.0037081610024383704
0.662	-0.003689998939453154
0.663	-0.0036719171188081545
0.664	-0.003653915090046256
0.665	-0.0036359924027105084
0.666	-0.0036181486063437407
0.667	-0.003600383250488892
0.668	-0.0035826958846889023
0.669	-0.0035650860584867106
0.67	-0.0035475533214252564
0.671	-0.003530097223047368
0.672	-0.0035127173128960965
0.673	-0.003495413140514325
0.674	-0.0034781842554449938
0.675	-0.0034610302072309307
0.676	-0.0034439505454151864
0.6769999999999999	-0.003426944819540645
0.6779999999999999	-0.0034100125791502456
0.6789999999999999	-0.003393153373786817
0.6799999999999999	-0.0033763667529934094
0.6809999999999999	-0.003359652266312907
0.6819999999999999	-0.003343009463288249
0.6829999999999999	-0.0033264378934623196
0.6839999999999999	-0.0033099371063781136
0.6849999999999999	-0.0032935066515784595
0.6859999999999999	-0.003277146078606352
0.6869999999999999	-0.0032608549370047313
0.688	-0.0032446327763164806
0.689	-0.0032284791460845397
0.69	-0.0032123935958517924
0.691	-0.0031963756751612893
0.692	-0.0031804249335558032
0.693	-0.0031645409205783848
0.694	-0.003148723185771918
0.695	-0.0031329712786792863
0.696	-0.003117284748843485
0.697	-0.003101663145807343
0.698	-0.00308610601911391
0.699	-0.003070612918306015
0.7	-0.0030551833929266525
0.701	-0.0030395603983334185
0.702	-0.0030240006943270115
0.703	-0.0030085044465228417
0.704	-0.002993071820536264
0.705	-0.002977702981982744
0.706	-0.0029623980964776364
0.707	-0.0029471573296364073
0.708	-0.002931980847074356
0.709	-0.0029168688144069477
0.71	-0.0029018213972495377
0.711	-0.0028868387612175916
0.712	-0.0028719210719264643
0.713	-0.0028570684949915104
0.714	-0.0028422811960282512
0.715	-0.002827559340651986
0.716	-0.0028129030944781808
0.717	-0.00279831262312219
0.718	-0.0027837880921993685
0.719	-0.0027693296673252377
0.72	-0.0027549375141150967
0.721	-0.0027406117981844114
0.722	-0.0027263526851485365
0.723	-0.0027121603406229378
0.724	-0.0026980349302229145
0.725	-0.0026839766195639325
0.726	-0.0026699855742613465
0.727	-0.0026560619599306223
0.728	-0.0026422059421871147
0.729	-0.002628417686646234
0.73	-0.00261469735892339
0.731	-0.0026010451246339383
0.732	-0.002587461149393344
0.733	-0.0025739455988169624
0.734	-0.0025604986385202033
0.735	-0.0025471204341184772
0.736	-0.002533811151227139
0.737	-0.0025205709554617095
0.738	-0.002507400012437433
0.739	-0.0024942984877698304
0.74	-0.0024812665470742012
0.741	-0.0024683043559660667
0.742	-0.002455412080060726
0.743	-0.0024425898849735894
0.744	-0.0024298379363200673
0.745	-0.0024171563997156253
0.746	-0.002404545440775563
0.747	-0.0023920052251153456
0.748	-0.002379535918350384
0.749	-0.002367137686095977
0.75	-0.002354810693967646
0.751	-0.00234281866800623
0.752	-0.0023308975806034526
0.753	-0.002319046964576632
0.754	-0.0023072663527430315
0.755	-0.002295555277919914
0.756	-0.002283913272924487
0.757	-0.0022723398705740694
0.758	-0.0022608346036858684
0.759	-0.0022493970050771472
0.76	-0.0022380266075652244
0.761	-0.0022267229439673075
0.762	-0.002215485547100715
0.763	-0.002204313949782599
0.764	-0.002193207684830334
0.765	-0.0021821662850610712
0.766	-0.0021711892832921853
0.767	-0.002160276212340828
0.768	-0.0021494266050243738
0.769	-0.0021386399941599743
0.77	-0.0021279159125648928
0.771	-0.0021172538930565032
0.772	-0.0021066534684519578
0.773	-0.0020961141715685194
0.774	-0.0020856355352235068
0.775	-0.0020752170922341273
0.776	-0.0020648583754176997
0.777	-0.0020545589175914314
0.778	-0.0020443182515725855
0.779	-0.002034135910178425
0.78	-0.0020240114262262132
0.781	-0.002013944332533213
0.782	-0.0020039341619166873
0.783	-0.0019939804471938993
0.784	-0.001984082721182112
0.785	-0.001974240516698589
0.786	-0.001964453366560537
0.787	-0.0019547208035852748
0.788	-0.0019450423605900102
0.789	-0.0019354175703920617
0.79	-0.0019258459658086924
0.791	-0.0019163270796570542
0.792	-0.0019068604447545212
0.793	-0.0018974455939183565
0.794	-0.0018880820599657122
0.795	-0.0018787693757139623
0.796	-0.0018695070739802588
0.797	-0.001860294687581976
0.798	-0.0018511317493362656
0.799	-0.0018420177920605019
0.8	-0.0018329523485718369
0.801	-0.0018238349673554977
0.802	-0.0018147654056192564
0.803	-0.0018057434362387936
0.8039999999999999	-0.0017967688320897346
0.8049999999999999	-0.0017878413660478154
0.8059999999999999	-0.0017789608109887167
0.8069999999999999	-0.0017701269397880637
0.8079999999999999	-0.0017613395253215924
0.8089999999999999	-0.0017525983404649836
0.8099999999999999	-0.0017439031580938624
0.8109999999999999	-0.001735253751083965
0.8119999999999999	-0.0017266498923109164
0.813	-0.0017180913546504528
0.814	-0.0017095779109781994
0.815	-0.001701109334169948
0.816	-0.0016926853971012124
0.817	-0.0016843058726477844
0.818	-0.0016759705336853448
0.819	-0.0016676791530895185
0.82	-0.0016594315037360419
0.821	-0.00165122735850054
0.822	-0.0016430664902586933
0.823	-0.0016349486718862383
0.824	-0.0016268736762588554
0.825	-0.0016188412762521143
0.826	-0.0016108512447418621
0.827	-0.001602903354603613
0.828	-0.0015949973787131588
0.829	-0.0015871330899461245
0.83	-0.0015793102611782461
0.831	-0.001571528665285149
0.832	-0.0015637880751425137
0.833	-0.0015560882636260764
0.834	-0.0015484290036114623
0.835	-0.001540810067974352
0.836	-0.0015332312295904815
0.837	-0.0015256922613354207
0.838	-0.001518192936084961
0.839	-0.0015107330267147279
0.84	-0.0015033123061004572
0.841	-0.0014959305471177187
0.842	-0.001488587522642304
0.843	-0.0014812830055498383
0.844	-0.0014740167687160022
0.845	-0.0014667885850164764
0.846	-0.001459598227326997
0.847	-0.0014524454685231336
0.848	-0.001445330081480678
0.849	-0.0014382518390751997
0.85	-0.0014312105141824905
0.851	-0.0014241927729359283
0.852	-0.001417211526422213
0.853	-0.0014102665789857416
0.854	-0.001403357734971078
0.855	-0.0013964847987225637
0.856	-0.001389647574584707
0.857	-0.0013828458669019605
0.858	-0.0013760794800187215
0.859	-0.001369348218279498
0.86	-0.0013626518860286874
0.861	-0.0013559902876107421
0.862	-0.0013493632273701706
0.863	-0.0013427705096513698
0.864	-0.001336211938798848
0.865	-0.001329687319156947
0.866	-0.0013231964550701747
0.867	-0.001316739150882984
0.868	-0.001310315210939883
0.869	-0.0013039244395852134
0.87	-0.001297566641163428
0.871	-0.0012912416200190902
0.872	-0.0012849491804965418
0.873	-0.0012786891269402356
0.874	-0.0012724612636946797
0.875	-0.0012662653951042713
0.876	-0.0012601013255135185
0.877	-0.0012539688592668186
0.878	-0.0012478678007086241
0.879	-0.001241797954183388
0.88	-0.0012357591240355625
0.881	-0.0012297511146096007
0.882	-0.0012237737302499552
0.883	-0.0012178267753010785
0.884	-0.0012119100541074235
0.885	-0.0012060233710133872
0.886	-0.0012001665303634779
0.887	-0.0011943393365021482
0.888	-0.0011885415937737398
0.889	-0.001182773106522872
0.89	-0.0011770336790938862
0.891	-0.0011713231158312354
0.892	-0.001165641221079372
0.893	-0.001159987799182749
0.894	-0.0011543626544858188
0.895	-0.0011487655913330896
0.896	-0.0011431964140689033
0.897	-0.0011376549270377678
0.898	-0.001132140934584136
0.899	-0.0011266542410524605
0.9	-0.0011211946507871384
0.901	-0.0011158083525976692
0.902	-0.00111044865499621
0.903	-0.0011051152509599094
0.904	-0.0010998078334660821
0.905	-0.0010945260954917657
0.906	-0.001089269730014275
0.907	-0.001084038430010703
0.908	-0.0010788318884583092
0.909	-0.0010736497983341864
0.91	-0.0010684918526156495
0.911	-0.001063357744279736
0.912	-0.0010582471663037607
0.913	-0.0010531598116648166
0.914	-0.0010480953733401632
0.915	-0.0010430535443068933
0.916	-0.0010380340175422664
0.917	-0.0010330364860234864
0.918	-0.0010280606427277017
0.919	-0.0010231061806320607
0.92	-0.0010181727927138229
0.921	-0.0010132601719501366
0.922	-0.0010083680113182059
0.923	-0.0010034960037952345
0.924	-0.0009986438423583155
0.925	-0.0009938112199847082
0.926	-0.0009889978296516166
0.927	-0.0009842033643361336
0.928	-0.0009794275170155742
0.929	-0.0009746699806670311
0.93	-0.000969930448267764
0.931	-0.0009652086127948656
0.932	-0.0009605041672255399
0.9329999999999999	-0.0009558168045370463
0.9339999999999999	-0.0009511462177065333
0.9349999999999999	-0.0009464920997111492
0.9359999999999999	-0.0009418541435281536
0.9369999999999999	-0.0009372320421346392
0.938	-0.0009326254885078655
0.939	-0.0009280341756250365
0.94	-0.0009234577964632451
0.941	-0.0009188960439997507
0.942	-0.0009143486112117016
0.943	-0.0009098151910763019
0.944	-0.0009052954765707555
0.945	-0.0009007891606722107
0.946	-0.0008962959363578715
0.947	-0.0008918154966049419
0.948	-0.0008873475343905701
0.949	-0.0008828917426919602
0.95	-0.0008784478144863161
0.951	-0.000873801800213847
0.952	-0.0008691675483359917
0.953	-0.0008645452647771945
0.954	-0.000859935155461844
0.955	-0.0008553374263144398
0.956	-0.0008507522832594816
0.957	-0.0008461799322213581
0.958	-0.000841620579124569
0.959	-0.0008370744298935029
0.96	-0.0008325416904526595
0.961	-0.0008280225667265384
0.962	-0.0008235172646394728
0.963	-0.000819025990116018
0.964	-0.0008145489490805624
0.965	-0.0008100863474576614
0.966	-0.000805638391171648
0.967	-0.000801205286147022
0.968	-0.0007967872383082275
0.969	-0.0007923844535797642
0.97	-0.0007879971378860207
0.971	-0.0007836254971514967
0.972	-0.0007792697373006918
0.973	-0.0007749300642579393
0.974	-0.0007706066839477388
0.975	-0.0007662998022945899
0.976	-0.0007620096252228814
0.977	-0.0007577363586571129
0.978	-0.0007534802085217285
0.979	-0.0007492413807411724
0.98	-0.0007450200812399443
0.981	-0.0007408165159423774
0.982	-0.0007366308907730823
0.983	-0.0007324634116563922
0.984	-0.0007283142845168067
0.985	-0.00072418371527877
0.986	-0.0007200719098667263
0.987	-0.0007159790742051753
0.988	-0.000711905414218561
0.989	-0.0007078511358312722
0.99	-0.0007038164449678086
0.991	-0.0006998015475526143
0.992	-0.0006958066495101889
0.993	-0.0006918319567649212
0.994	-0.0006878776752412552
0.995	-0.0006839440108637462
0.996	-0.0006800311695567274
0.997	-0.0006761393572446983
0.998	-0.0006722687798521587
0.999	-0.0006684196433034972
1.	-0.0006645921535232135
1.0010000000000001	-0.0006609688883216225
1.002	-0.000657367243869611
1.0030000000000001	-0.0006537869882239922
1.004	-0.0006502278894415237
1.0050000000000001	-0.000646689715578963
1.006	-0.000643172234693179
1.0070000000000001	-0.000639675214840818
1.008	-0.0006361984240787488
1.0090000000000001	-0.000632741630463729
1.01	-0.0006293046020525717
1.0110000000000001	-0.0006258871069019789
1.012	-0.0006224889130688194
1.0130000000000001	-0.0006191097886097952
1.014	-0.0006157495015817749
1.0150000000000001	-0.0006124078200414607
1.016	-0.0006090845120456656
1.0170000000000001	-0.0006057793456511473
1.018	-0.000602492088914719
1.0190000000000001	-0.0005992225098931381
1.02	-0.0005959703766431623
1.0210000000000001	-0.0005927354572216603
1.022	-0.0005895175196853342
1.0230000000000001	-0.0005863163320909415
1.024	-0.0005831316624953509
1.0250000000000001	-0.00057996327895532
1.026	-0.0005768109495275509
1.0270000000000001	-0.0005736744422689122
1.028	-0.0005705535252361615
1.0290000000000001	-0.0005674479664860566
1.03	-0.0005643575340753548
1.0310000000000001	-0.000561281996060925
1.032	-0.0005582211204994691
1.0330000000000001	-0.0005551746754477449
1.034	-0.0005521424289626764
1.0350000000000001	-0.0005491241491008547
1.036	-0.000546119603919204
1.0370000000000001	-0.0005431285614744263
1.038	-0.0005401507898233904
1.0390000000000001	-0.0005371860570227427
1.04	-0.0005342341311293519
1.0410000000000001	-0.0005312947802000312
1.042	-0.0005283677722914271
1.0430000000000001	-0.0005254528754604637
1.044	-0.0005225498577638432
1.0450000000000002	-0.0005196584872583787
1.046	-0.0005167785320008278
1.0470000000000002	-0.0005139097600480036
1.048	-0.0005110519394566082
1.0490000000000002	-0.0005082048382835103
1.05	-0.0005053682245854674
1.0510000000000002	-0.0005024632916023064
1.052	-0.0004995685708628073
1.0530000000000002	-0.0004966840190787636
1.054	-0.0004938095929619135
1.0550000000000002	-0.0004909452492241062
1.056	-0.0004880909445770798
1.0570000000000002	-0.0004852466357327945
1.058	-0.00048241227940287734
1.0590000000000002	-0.0004795878322992331
1.06	-0.0004767732511336553
1.061	-0.0004739684926178822
1.062	-0.0004711735134638184
1.063	-0.0004683882703832021
1.064	-0.00046561272008782684
1.065	-0.00046284681928948634
1.066	-0.00046009052470008527
1.067	-0.00045734379303130623
1.068	-0.0004546065809949984
1.069	-0.0004518788453029554
1.07	-0.00044916054266702643
1.071	-0.0004464516297989496
1.072	-0.00044375206341057405
1.073	-0.00044106180021369346
1.074	-0.00043838079692004595
1.075	-0.0004357090102415362
1.076	-0.0004330463968899023
1.077	-0.0004303929135769935
1.078	-0.00042774851701460337
1.079	-0.00042511316391447007
1.08	-0.00042248681098844276
1.081	-0.0004198694149483706
1.082	-0.0004172609325059362
1.083	-0.0004146613203730998
1.084	-0.0004120705352615439
1.085	-0.0004094885338830623
1.086	-0.00040691527294955954
1.087	-0.0004043507091727738
1.088	-0.0004017947992644988
1.089	-0.0003992474999365836
1.09	-0.00039670876790076637
1.091	-0.0003941785598689518
1.092	-0.00039165683255282246
1.093	-0.00038914354266422757
1.094	-0.00038663864691501626
1.095	-0.00038414210201692667
1.096	-0.00038165386468180795
1.097	-0.00037917389162139825
1.098	-0.00037670213954760223
1.099	-0.00037423856517215803
1.1	-0.0003717831252068593
1.1010000000000002	-0.00036932709116954676
1.102	-0.00036687912581884197
1.1030000000000002	-0.0003644392067193025
1.104	-0.00036200731143554155
1.1050000000000002	-0.00035958341753222767
1.106	-0.0003571675025739185
1.1070000000000002	-0.00035475954412522714
1.108	-0.0003523595197507112
1.1090000000000002	-0.0003499674070150949
1.11	-0.0003475831834829357
1.1110000000000002	-0.0003452068267187913
1.112	-0.00034283831428738587
1.1130000000000002	-0.00034047762375322144
1.114	-0.00033812473268091114
1.1150000000000002	-0.00033577961863517913
1.116	-0.000333442259180472
1.1170000000000002	-0.00033111263188151385
1.118	-0.00032879071430291784
1.1190000000000002	-0.00032647648400924156
1.12	-0.00032416991856509814
1.1210000000000002	-0.0003218709955351007
1.122	-0.0003195796924838623
1.1230000000000002	-0.00031729598697605166
1.124	-0.0003150198565761708
1.125	-0.0003127512788488884
1.1260000000000001	-0.0003104902313588176
1.127	-0.00030823669167057144
1.1280000000000001	-0.0003059906373487631
1.129	-0.00030375204595795013
1.1300000000000001	-0.0003015208950628012
1.131	-0.00029929716222787395
1.1320000000000001	-0.00029708082501783695
1.133	-0.0002948718609972478
1.1340000000000001	-0.0002926702477307752
1.135	-0.0002904759627829767
1.1360000000000001	-0.00028828898371846545
1.137	-0.00028610928810185454
1.1380000000000001	-0.0002839368534977571
1.139	-0.00028177165747078625
1.1400000000000001	-0.0002796136775856106
1.141	-0.0002774628914067323
1.1420000000000001	-0.0002753192764987644
1.143	-0.0002731828104264311
1.1440000000000001	-0.00027105347075423447
1.145	-0.00026893123504684313
1.1460000000000001	-0.0002668160808688147
1.147	-0.0002647079857848178
1.1480000000000001	-0.00026260692735941005
1.149	-0.00026051288315726007
1.1500000000000001	-0.00025842583074292547
1.151	-0.0002563418446940857
1.1520000000000001	-0.00025426481493323605
1.153	-0.000252194728395827
1.1540000000000001	-0.0002501315720174757
1.155	-0.0002480753327336882
1.1560000000000001	-0.00024602599747991505
1.157	-0.00024398355319182885
1.1580000000000001	-0.00024194798680476914
1.159	-0.00023991928525440853
1.1600000000000001	-0.00023789743547625308
1.161	-0.00023588242440575335
1.1620000000000001	-0.00023387423897852644
1.163	-0.0002318728661300784
1.1640000000000001	-0.0002298782927958598
1.165	-0.00022789050591148774
1.1660000000000001	-0.00022590949241241276
1.167	-0.00022393523923425196
1.1680000000000001	-0.0002219677333124559
1.169	-0.00022000696158258615
1.1700000000000002	-0.00021805291098014878
1.171	-0.00021610556844064988
1.1720000000000002	-0.0002141649208997065
1.173	-0.00021223095529276925
1.1740000000000002	-0.00021030365855539968
1.175	-0.00020838301762304834
1.1760000000000002	-0.00020646901943133233
1.177	-0.00020456165091575773
1.1780000000000002	-0.0002026608990118306
1.179	-0.00020076675065511251
1.1800000000000002	-0.00019887919278105404
1.181	-0.00019699821232527226
1.1820000000000002	-0.00019512379622321774
1.183	-0.00019325593141050756
1.1840000000000002	-0.0001913946048225923
1.185	-0.000189539803394978
1.1860000000000002	-0.00018769151406328177
1.187	-0.00018584972376295417
1.1880000000000002	-0.00018401441942950125
1.189	-0.00018218558799854012
1.1900000000000002	-0.00018036321640557684
1.191	-0.00017854729158611748
1.1920000000000002	-0.00017673780047566812
1.193	-0.0001749347300097348
1.1940000000000002	-0.00017313806712393465
1.195	-0.0001713477987537182
1.1960000000000002	-0.00016956391183464703
1.197	-0.00016778639330222722
1.1980000000000002	-0.00016601523009196484
1.199	-0.00016425040913942146
1.2000000000000002	-0.00016249191738015867
1.201	-0.0001607359930413943
1.2020000000000002	-0.0001589863807674452
1.203	-0.00015724307649434
1.2040000000000002	-0.00015550607615799628
1.205	-0.0001537753756946092
1.2060000000000002	-0.00015205097104009635
1.207	-0.00015033285813048636
1.2080000000000002	-0.00014862103290180784
1.209	-0.00014691549129014492
1.2100000000000002	-0.0001452162292314707
1.211	-0.00014352324266186933
1.2120000000000002	-0.0001418365275172584
1.213	-0.00014015607973377753
1.2140000000000002	-0.00013848189524739984
1.215	-0.00013681396999415396
1.2160000000000002	-0.0001351522999100685
1.217	-0.00013349688093117207
1.2180000000000002	-0.0001318477089934933
1.219	-0.0001302047800330608
1.2200000000000002	-0.0001285680899859032
1.221	-0.00012693763478799358
1.2220000000000002	-0.0001253134103754716
1.223	-0.00012369541268425488
1.2240000000000002	-0.0001220836376504275
1.225	-0.00012047808120996262
1.2260000000000002	-0.00011887873929894432
1.227	-0.00011728560785340125
1.2280000000000002	-0.00011569868280936202
1.229	-0.00011411796010279973
1.2300000000000002	-0.00011254343566974301
1.231	-0.00011097510544627598
1.2320000000000002	-0.00010941296536837175
1.233	-0.00010785701137211445
1.2340000000000002	-0.00010630723939347719
1.235	-0.0001047636453685441
1.2360000000000002	-0.00010322622523323277
1.237	-0.00010169497492368285
1.2380000000000002	-0.00010016989037586743
1.239	-0.00009865096752581515
1.2400000000000002	-0.00009713820230961012
1.241	-0.00009563159066316995
1.2420000000000002	-0.00009413112852257877
1.243	-0.0000926368118239207
1.2440000000000002	-0.00009114863650311333
1.245	-0.00008966659849624081
1.2460000000000002	-0.00008819069373938726
1.247	-0.00008672091816841476
1.2480000000000002	-0.00008525726771951847
1.249	-0.00008379973832867149
1.2500000000000002	-0.00008234832593184693
1.2510000000000001	-0.00008081450314423311
1.2520000000000002	-0.00007928700176368375
1.2530000000000001	-0.00007776603026732332
1.254	-0.0000762517971319987
1.2550000000000001	-0.00007474451083488987
1.256	-0.00007324437985289922
1.2570000000000001	-0.00007175161266309571
1.258	-0.00007026641774243725
1.2590000000000001	-0.00006878900356799278
1.26	-0.00006731957861677573
1.2610000000000001	-0.00006585835136574403
1.262	-0.0000644055302919666
1.2630000000000001	-0.0000629613238724569
1.264	-0.00006152594058417282
1.2650000000000001	-0.00006009958890412781
1.266	-0.0000586824773093908
1.2670000000000001	-0.00005727481427697523
1.268	-0.00005587680828383901
1.2690000000000001	-0.00005448866780705108
1.27	-0.000053110601323624884
1.2710000000000001	-0.00005174281731046282
1.272	-0.00005038552424474485
1.2730000000000001	-0.00004903893060337339
1.274	-0.00004770324486336186
1.2750000000000001	-0.00004637867550177921
1.276	-0.000045065430995638867
1.2770000000000001	-0.00004376371982184324
1.278	-0.00004247375045757229
1.2790000000000001	-0.00004119573137972843
1.28	-0.000039929871065325084
1.2810000000000001	-0.0000386763779914312
1.282	-0.00003743546063500469
1.2830000000000001	-0.000036207327473114503
1.284	-0.000034992186982718554
1.2850000000000001	-0.00003379024764083027
1.286	-0.0000326017179245186
1.2870000000000001	-0.00003142680631079697
1.288	-0.000030265721276567792
1.2890000000000001	-0.000029118671299011023
1.29	-0.000027985864854973563
1.2910000000000001	-0.000026867510421579865
1.292	-0.00002576381647578785
1.2930000000000001	-0.000024674991494666454
1.294	-0.0000236012439551736
1.2950000000000002	-0.00002254278233432272
1.296	-0.00002149981510918275
1.2970000000000002	-0.000020472550756711616
1.298	-0.000019461197753922743
1.2990000000000002	-0.000018465964577885075
1.3	-0.00001748705970555653
1.3010000000000002	-0.00001678383082687196
1.302	-0.000016096725023007075
1.3030000000000002	-0.000015425328587892473
1.304	-0.000014769227815569774
1.3050000000000002	-0.000014128009000191621
1.306	-0.000013501258435633101
1.3070000000000002	-0.000012888562415991345
1.308	-0.000012289507235307973
1.3090000000000002	-0.000011703679187569094
1.31	-0.00001113066456687184
1.3110000000000002	-0.000010570049667146808
1.312	-0.000010021420782546642
1.3130000000000002	-9.484364207001938e-6
1.314	-8.958466234554319e-6
1.3150000000000002	-8.443313159245402e-6
1.316	-7.93849127511681e-6
1.3170000000000002	-7.443586876210162e-6
1.318	-6.958186256511567e-6
1.3190000000000002	-6.481875710062646e-6
1.32	-6.014241530960529e-6
1.3210000000000002	-5.554870013080304e-6
1.322	-5.103347450630125e-6
1.3230000000000002	-4.659260137485077e-6
1.324	-4.222194367797805e-6
1.3250000000000002	-3.7917364354989047e-6
1.326	-3.367472634685509e-6
1.3270000000000002	-2.948989259343726e-6
1.328	-2.535872603570688e-6
1.3290000000000002	-2.1277089612969924e-6
1.33	-1.7240846265642595e-6
1.3310000000000002	-1.324585893525132e-6
1.332	-9.287990560546966e-7
1.3330000000000002	-5.363104082500847e-7
1.334	-1.4670624415291655e-7
1.3350000000000002	2.404271422506987e-7
1.336	6.255034568636297e-7
1.3370000000000002	1.0089364057552785e-6
1.338	1.3911396947730026e-6
1.3390000000000002	1.772527029986204e-6
1.34	2.1535121173532623e-6
1.3410000000000002	2.5345086628325575e-6
1.342	2.9159303723824692e-6
1.3430000000000002	3.2981909519613772e-6
1.344	3.6817041075831725e-6
1.3450000000000002	4.066883545206235e-6
1.346	4.454142970733432e-6
1.3470000000000002	4.843896090289679e-6
1.348	5.23655660966682e-6
1.3490000000000002	5.63253823498977e-6
1.35	6.032254672105886e-6
1.3510000000000002	6.863865212758391e-6
1.352	7.699010977024745e-6
1.3530000000000002	8.537078670656228e-6
1.354	9.377454999348611e-6
1.3550000000000002	0.000010219526668964196
1.356	0.000011062680385254264
1.3570000000000002	0.000011906302853914585
1.358	0.000012749780780751951
1.3590000000000002	0.000013592500871517643
1.36	0.000014433849832018453
1.3610000000000002	0.00001527321436795015
1.362	0.000016109981185175037
1.3630000000000002	0.000016943536989388885
1.364	0.000017773268486342975
1.3650000000000002	0.000018598562381899608
1.366	0.000019418805381699045
1.3670000000000002	0.000020233384191603587
1.368	0.000021041685517309006
1.3690000000000002	0.000021843096064622092
1.37	0.000022637002539294127
1.3710000000000002	0.00002342279164707639
1.372	0.000024199850093775677
1.3730000000000002	0.000024967564585087754
1.374	0.000025725321826874925
1.3750000000000002	0.00002647250852483296
1.3760000000000001	0.000027208511384768652
1.3770000000000002	0.00002793271711237777
1.3780000000000001	0.000028644512413522616
1.3790000000000002	0.00002934328399389896
1.3800000000000001	0.000030028418559258085
1.381	0.00003069930281546229
1.3820000000000001	0.00003135532346815184
1.383	0.000031995867223189034
1.3840000000000001	0.00003262032078626964
1.385	0.000033228070863255965
1.3860000000000001	0.000033818504159788265
1.387	0.000034391007381728844
1.3880000000000001	0.00003494496723477347
1.389	0.00003547977042478445
1.3900000000000001	0.00003599480365740204
1.391	0.000036489453638488545
1.3920000000000001	0.00003696310707373973
1.393	0.000037415150669017905
1.3940000000000001	0.00003784497112996332
1.395	0.00003825195516243829
1.3960000000000001	0.000038635489472194084
1.397	0.00003899496076492648
1.3980000000000001	0.000039329755746497774
1.399	0.00003963926112260374
1.4000000000000001	0.00003992286359905117
1.401	0.00003958478096927065
1.4020000000000001	0.00003922099782832644
1.403	0.00003883232985896212
1.4040000000000001	0.00003841959274397677
1.405	0.00003798360216600294
1.4060000000000001	0.00003752517380783971
1.407	0.00003704512335228616
1.4080000000000001	0.00003654426648203035
1.409	0.00003602341887981586
1.4100000000000001	0.000035483396228386255
1.411	0.00003492501421054062
1.4120000000000001	0.000034349088508911496
1.413	0.000033756434806409
1.4140000000000001	0.00003314786878566567
1.415	0.00003252420612942508
1.4160000000000001	0.00003188626252048632
1.417	0.00003123485364153744
1.4180000000000001	0.00003057079517537753
1.419	0.000029894902804694645
1.4200000000000002	0.00002920799221228787
1.421	0.000028510879080900775
1.4220000000000002	0.000027804379093276932
1.423	0.0000270893079321044
1.4240000000000002	0.000026366481280182263
1.425	0.000025636714820254092
1.4260000000000002	0.000024900824235063457
1.427	0.00002415962520735393
1.4280000000000002	0.000023413933419869082
1.429	0.000022664564555296973
1.4300000000000002	0.000021912334296492197
1.431	0.000021158058326142815
1.4320000000000002	0.000020402552326992396
1.433	0.000019646631981784513
1.4340000000000002	0.000018891112973262736
1.435	0.000018136810984226148
1.4360000000000002	0.00001738454169736281
1.437	0.00001663512079541629
1.4380000000000002	0.000015889363961185676
1.439	0.000015148086877303513
1.4400000000000002	0.000014412105226679905
1.441	0.000013682234691891892
1.4420000000000002	0.000012959290955849578
1.443	0.000012244089701130001
1.4440000000000002	0.000011537446610643265
1.445	0.00001084017736702192
1.4460000000000002	0.000010153097653009535
1.447	9.477023151460706e-6
1.4480000000000002	8.812769545007981e-6
1.449	8.161152516394932e-6
1.4500000000000002	7.522987748476151e-6
1.451	6.899090923884188e-6
1.4520000000000002	6.290277725473636e-6
1.453	5.697363835877045e-6
1.4540000000000002	5.1211649378934965e-6
1.455	4.562496714266562e-6
1.4560000000000002	4.022174847739812e-6
1.457	3.5010150211123303e-6
1.4580000000000002	2.999832917016665e-6
1.459	2.5194442183074095e-6
1.4600000000000002	2.060664607617113e-6
1.461	1.6243097678003693e-6
1.4620000000000002	1.211195381545238e-6
1.463	8.221371316508019e-7
1.4640000000000002	4.579507008051209e-7
1.465	1.1945177175176624e-7
1.4660000000000002	-1.925439727656908e-7
1.467	-4.772208499481678e-7
1.4680000000000002	-7.337631770520936e-7
1.469	-9.61355271389408e-7
1.4700000000000002	-1.1591814501610287e-6
1.471	-1.3264260306788955e-6
1.4720000000000002	-1.4622733301439261e-6
1.473	-1.5659076658680604e-6
1.4740000000000002	-1.6365133549967048e-6
1.475	-1.6732747148973104e-6
1.4760000000000002	-1.675376062826306e-6
1.477	-1.6420017159290978e-6
1.4780000000000002	-1.572335991517626e-6
1.479	-1.4655632069038305e-6
1.4800000000000002	-1.3208676792886287e-6
1.481	-1.1374337258729383e-6
1.4820000000000002	-9.144456640242105e-7
1.483	-6.510878108878515e-7
1.4840000000000002	-3.4654448383131253e-7
1.485	0.