0.1	-0.008436540338957438
0.101	-0.00842832786609321
0.10200000000000001	-0.008420077651766833
0.10300000000000001	-0.00841178955735003
0.10400000000000001	-0.008403463444214498
0.10500000000000001	-0.00839509917373199
0.10600000000000001	-0.008386696607274258
0.10700000000000001	-0.008378255606213025
0.10800000000000001	-0.008369776031919962
0.10900000000000001	-0.008361257745766876
0.11	-0.008352700609125463
0.111	-0.008344104483367476
0.112	-0.008335469229864584
0.113	-0.008326794709988594
0.114	-0.008318080785111176
0.115	-0.008309327316604082
0.116	-0.008300534165839063
0.117	-0.008291701194187817
0.11800000000000001	-0.008282828263022068
0.11900000000000001	-0.008273915233713597
0.12000000000000001	-0.008264961967634071
0.12100000000000001	-0.008255968326155272
0.122	-0.008246934170648895
0.123	-0.008237859362486666
0.124	-0.008228743763040364
0.125	-0.008219587233681686
0.126	-0.008210389635782328
0.127	-0.008201150830714071
0.128	-0.00819187067984864
0.129	-0.00818254904455773
0.13	-0.008173185786213122
0.131	-0.008163780766186485
0.132	-0.008154333845849598
0.133	-0.008144844886574187
0.134	-0.008135313749731948
0.135	-0.008125740296694633
0.136	-0.008116124388833995
0.137	-0.00810646588752173
0.138	-0.008096764654129562
0.139	-0.008087020550029245
0.14	-0.008077233436592501
0.14100000000000001	-0.008067403175191057
0.14200000000000002	-0.008057529627196636
0.14300000000000002	-0.00804761265398099
0.14400000000000002	-0.008037652116915817
0.14500000000000002	-0.008027647877372895
0.14600000000000002	-0.008017599796723895
0.14700000000000002	-0.008007507736340597
0.14800000000000002	-0.007997371557594696
0.14900000000000002	-0.007987191121857945
0.15000000000000002	-0.007976966290502069
0.15100000000000002	-0.007966696924898792
0.15200000000000002	-0.007956382886419838
0.153	-0.00794602403643696
0.154	-0.007935620236321855
0.155	-0.007925171347446275
0.156	-0.007914677231181944
0.157	-0.007904137748900586
0.158	-0.007893552761973954
0.159	-0.007882922131773773
0.16	-0.007872245719671739
0.161	-0.007861523387039604
0.162	-0.007850754995249093
0.163	-0.007839940405671958
0.164	-0.007829079479679923
0.165	-0.007818172078644686
0.166	-0.0078072180639379984
0.167	-0.007796217296931612
0.168	-0.007785169638997197
0.169	-0.00777407495150656
0.17	-0.00776293309583137
0.171	-0.00775174393334338
0.17200000000000001	-0.007740507325414314
0.173	-0.0077292231334159245
0.174	-0.007717891218719908
0.175	-0.007706511442698016
0.176	-0.007695083666721947
0.177	-0.007683607752163479
0.178	-0.0076720835603943105
0.179	-0.0076605109527861925
0.18	-0.00764888979071085
0.181	-0.0076372199355399795
0.182	-0.007625501248645333
0.183	-0.007613733591398664
0.184	-0.007601916825171667
0.185	-0.0075900508113360965
0.186	-0.007578135411263676
0.187	-0.007566170486326129
0.188	-0.007554155897895182
0.189	-0.007542091507342585
0.19	-0.007529977176040037
0.191	-0.0075178127653592886
0.192	-0.007505598136672065
0.193	-0.007493333151350118
0.194	-0.007481017670765144
0.195	-0.007468651556288869
0.196	-0.0074562346692930714
0.197	-0.007443766871149421
0.198	-0.00743124802322967
0.199	-0.00741867798690557
0.2	-0.007406056623548846
0.201	-0.007393096048249004
0.202	-0.007380084559527406
0.203	-0.007367022709623222
0.20400000000000001	-0.007353911050775597
0.20500000000000002	-0.007340750135223673
0.20600000000000002	-0.007327540515206621
0.20700000000000002	-0.007314282742963585
0.20800000000000002	-0.0073009773707337355
0.20900000000000002	-0.0072876249507561885
0.21000000000000002	-0.007274226035270143
0.21100000000000002	-0.007260781176514741
0.21200000000000002	-0.0072472909267291
0.21300000000000002	-0.007233755838152417
0.21400000000000002	-0.007220176463023836
0.21500000000000002	-0.007206553353582529
0.21600000000000003	-0.007192887062067582
0.21700000000000003	-0.007179178140718223
0.21800000000000003	-0.007165427141773595
0.21900000000000003	-0.007151634617472813
0.22	-0.007137801120055048
0.221	-0.007123927201759472
0.222	-0.007110013414825228
0.223	-0.007096060311491487
0.224	-0.007082068443997364
0.225	-0.00706803836458203
0.226	-0.007053970625484657
0.227	-0.0070398657789443875
0.228	-0.007025724377200365
0.229	-0.007011546972491761
0.23	-0.006997334117057719
0.231	-0.006983086363137381
0.232	-0.0069688042629699465
0.233	-0.006954488368794504
0.234	-0.006940139232850279
0.23500000000000001	-0.0069257574073763595
0.23600000000000002	-0.006911343444611945
0.23700000000000002	-0.00689689789679615
0.23800000000000002	-0.006882421316168175
0.23900000000000002	-0.006867914254967161
0.24000000000000002	-0.006853377265432226
0.24100000000000002	-0.0068388108998025665
0.24200000000000002	-0.006824215710317327
0.24300000000000002	-0.006809592249215651
0.24400000000000002	-0.006794941068736682
0.245	-0.006780262721119618
0.246	-0.006765557758603574
0.247	-0.006750826733427695
0.248	-0.006736070197831179
0.249	-0.006721288704053141
0.25	-0.006706482804332753
0.251	-0.006691740151771264
0.252	-0.006676973988619994
0.253	-0.006662184657992426
0.254	-0.00664737250300193
0.255	-0.006632537866761989
0.256	-0.00661768109238603
0.257	-0.006602802522987478
0.258	-0.00658790250167976
0.259	-0.006572981371576331
0.26	-0.006558039475790617
0.261	-0.006543077157436072
0.262	-0.0065280947596260686
0.263	-0.006513092625474115
0.264	-0.006498071098093611
0.265	-0.006483030520597982
0.266	-0.006467971236100684
0.267	-0.006452893587715169
0.268	-0.006437797918554811
0.269	-0.006422684571733089
0.27	-0.006407553890363432
0.271	-0.006392406217559293
0.272	-0.006377241896434072
0.273	-0.006362061270101221
0.274	-0.006346864681674141
0.275	-0.006331652474266342
0.276	-0.006316424990991193
0.277	-0.00630118257496215
0.278	-0.006285925569292666
0.279	-0.0062706543170961415
0.28	-0.00625536916148603
0.281	-0.006240070445575757
0.28200000000000003	-0.0062247585124787785
0.28300000000000003	-0.00620943370530852
0.28400000000000003	-0.006194096367178381
0.28500000000000003	-0.006178746841201871
0.28600000000000003	-0.006163385470492333
0.28700000000000003	-0.006148012598163277
0.28800000000000003	-0.00613262856732813
0.28900000000000003	-0.0061172337211002625
0.29000000000000004	-0.006101828402593185
0.29100000000000004	-0.006086412954920295
0.29200000000000004	-0.006070987721195048
0.29300000000000004	-0.0060555530445308425
0.29400000000000004	-0.006040109268041133
0.29500000000000004	-0.006024656734839373
0.29600000000000004	-0.006009195788038962
0.29700000000000004	-0.0059937267707533826
0.29800000000000004	-0.0059782500260960325
0.29900000000000004	-0.005962765897180339
0.30000000000000004	-0.005947274727119756
0.30100000000000005	-0.0059318018976640685
0.30200000000000005	-0.005916322653173572
0.30300000000000005	-0.005900837276644949
0.30400000000000005	-0.005885346051074852
0.30500000000000005	-0.005869849259459936
0.30600000000000005	-0.005854347184796854
0.30700000000000005	-0.005838840110082316
0.30800000000000005	-0.00582332831831292
0.309	-0.005807812092485348
0.31	-0.005792291715596282
0.311	-0.005776767470642347
0.312	-0.005761239640620253
0.313	-0.005745708508526598
0.314	-0.00573017435735812
0.315	-0.005714637470111389
0.316	-0.005699098129783142
0.317	-0.005683556619370006
0.318	-0.005668013221868662
0.319	-0.005652468220275736
0.32	-0.00563692189758791
0.321	-0.0056213745368018375
0.322	-0.005605826420914201
0.323	-0.005590277832921653
0.324	-0.005574729055820821
0.325	-0.005559180372608413
0.326	-0.005543632066281057
0.327	-0.005528084419835433
0.328	-0.0055125377162681954
0.329	-0.005496992238576026
0.33	-0.005481448269755523
0.331	-0.005465906092803424
0.332	-0.005450365990716327
0.333	-0.005434828246490941
0.334	-0.005419293143123893
0.335	-0.005403760963611864
0.336	-0.005388231990951509
0.337	-0.0053727065081395076
0.338	-0.00535718479817246
0.339	-0.005341667144047102
0.33999999999999997	-0.005326153828760033
0.34099999999999997	-0.005310645135307962
0.34199999999999997	-0.005295141346687543
0.34299999999999997	-0.005279642745895402
0.344	-0.005264149615928221
0.345	-0.005248662239782653
0.346	-0.005233180900455381
0.347	-0.005217705880943058
0.348	-0.00520223746424231
0.349	-0.0051867759333498464
0.35	-0.005171321571262322
0.351	-0.005155897300737039
0.352	-0.005140480710652845
0.353	-0.005125072029649236
0.354	-0.00510967148636568
0.355	-0.005094279309441674
0.356	-0.0050788957275167135
0.357	-0.005063520969230295
0.358	-0.005048155263221915
0.359	-0.0050327988381310695
0.36	-0.005017451922597227
0.361	-0.005002114745259911
0.362	-0.004986787534758591
0.363	-0.0049714705197327624
0.364	-0.004956163928821922
0.365	-0.004940867990665565
0.366	-0.004925582933903189
0.367	-0.004910308987174261
0.368	-0.0048950463791182786
0.369	-0.004879795338374765
0.37	-0.004864556093583189
0.371	-0.004849328873383074
0.372	-0.004834113906413862
0.373	-0.0048189114213150475
0.374	-0.004803721646726183
0.375	-0.004788544811286682
0.376	-0.004773381143636124
0.377	-0.004758230872413921
0.378	-0.004743094226259598
0.379	-0.004727971433812678
0.38	-0.004712862723712602
0.381	-0.004697768324598894
0.382	-0.0046826884651110234
0.383	-0.004667623373888485
0.384	-0.004652573279570804
0.385	-0.004637538410797448
0.386	-0.004622518996207914
0.387	-0.004607515264441697
0.388	-0.004592527444138267
0.389	-0.004577555763937147
0.39	-0.004562600452477805
0.391	-0.004547661738399766
0.392	-0.004532739850342499
0.393	-0.004517835016945471
0.394	-0.004502947466848234
0.395	-0.004488077428690229
0.396	-0.0044732251311109805
0.397	-0.004458390802749956
0.398	-0.004443574672246681
0.399	-0.004428776968240594
0.4	-0.004413997919371249
0.401	-0.004399263709649159
0.402	-0.004384548550024986
0.403	-0.004369852606820351
0.404	-0.0043551760463569344
0.405	-0.004340519034956414
0.406	-0.004325881738940496
0.40700000000000003	-0.004311264324630831
0.40800000000000003	-0.004296666958349099
0.40900000000000003	-0.00428208980641695
0.41000000000000003	-0.00426753303515609
0.41100000000000003	-0.004252996810888171
0.41200000000000003	-0.004238481299934899
0.41300000000000003	-0.004223986668617924
0.41400000000000003	-0.004209513083258926
0.41500000000000004	-0.004195060710179582
0.41600000000000004	-0.004180629715701545
0.41700000000000004	-0.00416622026614652
0.41800000000000004	-0.004151832527836186
0.41900000000000004	-0.004137466667092193
0.42000000000000004	-0.004123122850236222
0.42100000000000004	-0.004108801243589949
0.42200000000000004	-0.004094502013475054
0.42300000000000004	-0.004080225326213216
0.42400000000000004	-0.004065971348126085
0.42500000000000004	-0.004051740245535368
0.42600000000000005	-0.0040375321847627155
0.42700000000000005	-0.004023347332129806
0.42800000000000005	-0.004009185853958319
0.42900000000000005	-0.003995047916569933
0.43000000000000005	-0.003980933686286325
0.43100000000000005	-0.003966843329429176
0.43200000000000005	-0.0039527770123201356
0.43300000000000005	-0.0039387349012808825
0.43400000000000005	-0.003924717162633096
0.43500000000000005	-0.003910723962698481
0.43600000000000005	-0.0038967554677986627
0.43700000000000006	-0.003882811844255346
0.43800000000000006	-0.0038688932583902103
0.43900000000000006	-0.003854999876524906
0.44000000000000006	-0.003841131864981112
0.44100000000000006	-0.003827289390080535
0.44200000000000006	-0.0038134726181447975
0.44300000000000006	-0.003799681715495634
0.44400000000000006	-0.003785916848454668
0.44500000000000006	-0.0037721781833436052
0.44600000000000006	-0.003758465886484097
0.44700000000000006	-0.0037447801241978496
0.44800000000000006	-0.003731121062806514
0.44900000000000007	-0.003717488868631741
0.45000000000000007	-0.0037038837079952647
0.45100000000000007	-0.0036902878711030374
0.45199999999999996	-0.0036767194433122707
0.45299999999999996	-0.003663178633864478
0.45399999999999996	-0.0036496656520011717
0.45499999999999996	-0.0036361807069639207
0.45599999999999996	-0.0036227240079941825
0.45699999999999996	-0.0036092957643335255
0.45799999999999996	-0.003595896185223435
0.45899999999999996	-0.0035825254799054518
0.45999999999999996	-0.0035691838576211166
0.46099999999999997	-0.003555871527611887
0.46199999999999997	-0.003542588699119359
0.46299999999999997	-0.0035293355813849903
0.46399999999999997	-0.0035161123836503216
0.46499999999999997	-0.003502919315156894
0.46599999999999997	-0.003489756585146192
0.46699999999999997	-0.003476624402859757
0.46799999999999997	-0.0034635229775391296
0.469	-0.003450452518425795
0.47	-0.0034374132347612663
0.471	-0.003424405335787112
0.472	-0.003411429030744817
0.473	-0.0033984845288758947
0.474	-0.0033855720394218858
0.475	-0.003372691771624331
0.476	-0.003359843934724688
0.477	-0.0033470287379645247
0.478	-0.0033342463905853548
0.479	-0.003321497101828691
0.48	-0.0033087810809360463
0.481	-0.0032960985371489615
0.482	-0.0032834496797089496
0.483	-0.0032708347178575237
0.484	-0.0032582538608361966
0.485	-0.0032457073178865092
0.486	-0.0032331952982499468
0.487	-0.0032207180111680778
0.488	-0.003208275665882415
0.489	-0.0031958684716344443
0.49	-0.003183496637665706
0.491	-0.003171160373217713
0.492	-0.003158859887532006
0.493	-0.0031465953898500987
0.494	-0.0031343670894134756
0.495	-0.0031221751954637056
0.496	-0.0031100199172422738
0.497	-0.003097901463990721
0.498	-0.00308582004495056
0.499	-0.003073775869363332
0.5	-0.003061769146470522
0.501	-0.003049969496841304
0.502	-0.0030382073116396457
0.503	-0.0030264823933572327
0.504	-0.003014794544485666
0.505	-0.003003143567516575
0.506	-0.0029915292649416447
0.507	-0.0029799514392524484
0.508	-0.0029684098929406433
0.509	-0.0029569044284978863
0.51	-0.002945434848415779
0.511	-0.0029340009551859503
0.512	-0.0029226025513000575
0.513	-0.00291123943924973
0.514	-0.0028999114215265964
0.515	-0.0028886183006223143
0.516	-0.002877359879028485
0.517	-0.0028661359592367375
0.518	-0.0028549463437387568
0.519	-0.0028437908350261165
0.52	-0.0028326692355904737
0.521	-0.0028215813479234853
0.522	-0.0028105269745167527
0.523	-0.002799505917861933
0.524	-0.0027885179804506277
0.525	-0.0027775629647745215
0.526	-0.002766640673325216
0.527	-0.00275575090859434
0.528	-0.002744893473073523
0.529	-0.00273406816925445
0.53	-0.0027232747996286943
0.531	-0.002712513166687913
0.532	-0.0027017830729237358
0.533	-0.002691084320827819
0.534	-0.0026804167128917644
0.535	-0.002669780051607229
0.536	-0.002659174139465842
0.537	-0.0026485987789592325
0.538	-0.0026380537725790576
0.539	-0.002627538922816891
0.54	-0.0026170540321644176
0.541	-0.0026065989031132664
0.542	-0.0025961733381550667
0.543	-0.0025857771397814477
0.544	-0.0025754101104840665
0.545	-0.002565072052754497
0.546	-0.002554762769084451
0.547	-0.002544482061965503
0.548	-0.0025342297338893094
0.549	-0.0025240055873475
0.55	-0.002513809424831731
0.551	-0.0025035199046627987
0.552	-0.0024932582643655
0.553	-0.002483024597293826
0.554	-0.0024728189968017955
0.555	-0.0024626415562433723
0.556	-0.0024524923689725475
0.557	-0.0024423715283433123
0.558	-0.00243227912770963
0.559	-0.0024222152604255476
0.56	-0.0024121800198450005
0.561	-0.0024021734993220356
0.562	-0.0023921957922105608
0.5630000000000001	-0.0023822469918646227
0.5640000000000001	-0.0023723271916382127
0.5650000000000001	-0.002362436484885294
0.5660000000000001	-0.002352574964959858
0.5670000000000001	-0.002342742725215896
0.5680000000000001	-0.002332939859007427
0.5690000000000001	-0.002323166459688386
0.5700000000000001	-0.0023134226206128206
0.5710000000000001	-0.002303708435134666
0.5720000000000001	-0.002294023996607941
0.5730000000000001	-0.0022843693983866376
0.5740000000000001	-0.0022747447338247184
0.5750000000000001	-0.002265150096276203
0.5760000000000001	-0.002255585579095054
0.5770000000000001	-0.0022460512756352913
0.5780000000000001	-0.002236547279250878
0.5790000000000001	-0.002227073683295805
0.58	-0.0022176305811240915
0.581	-0.0022082180660896733
0.582	-0.0021988362315465693
0.583	-0.0021894851708487706
0.584	-0.0021801649773502685
0.585	-0.002170875744405054
0.586	-0.002161617565367091
0.587	-0.002152390533590398
0.588	-0.002143194742428939
0.589	-0.002134030285236732
0.59	-0.0021248972553677414
0.591	-0.002115795746175958
0.592	-0.002106725851015373
0.593	-0.0020976876632399777
0.594	-0.002088681276203791
0.595	-0.0020797067832607485
0.596	-0.0020707642777648694
0.597	-0.002061853853070117
0.598	-0.002052975602530538
0.599	-0.002044129619500068
0.6	-0.0020353159973326984
0.601	-0.002026596790058066
0.602	-0.0020179099815893775
0.603	-0.0020092555165155124
0.604	-0.0020006333394253506
0.605	-0.0019920433949077165
0.606	-0.001983485627551518
0.607	-0.0019749599819455788
0.608	-0.0019664664026787793
0.609	-0.0019580048343399714
0.61	-0.0019495752215180073
0.611	-0.0019411775088017669
0.612	-0.0019328116407801021
0.613	-0.0019244775620418653
0.614	-0.0019161752171759638
0.615	-0.0019079045507711945
0.616	-0.0018996655074164648
0.617	-0.0018914580317005991
0.618	-0.001883282068212505
0.619	-0.001875137561541007
0.62	-0.001867024456274985
0.621	-0.001858942697003263
0.622	-0.0018508922283147766
0.623	-0.0018428729947983225
0.624	-0.0018348849410427803
0.625	-0.0018269280116370301
0.626	-0.0018190021511698962
0.627	-0.001811107304230286
0.628	-0.0018032434154070243
0.629	-0.0017954104292889905
0.63	-0.001787608290465037
0.631	-0.0017798369435240158
0.632	-0.0017720963330548067
0.633	-0.001764386403646262
0.634	-0.0017567070998872614
0.635	-0.001749058366366657
0.636	-0.0017414401476732733
0.637	-0.0017338523883960177
0.638	-0.0017262950331237426
0.639	-0.0017187680264452998
0.64	-0.0017112713129495694
0.641	-0.0017038048372253756
0.642	-0.001696368543861626
0.643	-0.0016889623774471452
0.644	-0.001681586282570785
0.645	-0.0016742402038214532
0.646	-0.0016669240857880019
0.647	-0.0016596378730592554
0.648	-0.0016523815102240935
0.649	-0.0016451549418713962
0.65	-0.0016379581125900156
0.651	-0.0016308523674202213
0.652	-0.0016237761030793996
0.653	-0.001616729116736354
0.654	-0.0016097112055599438
0.655	-0.0016027221667189173
0.656	-0.0015957617973821336
0.657	-0.0015888298947183688
0.658	-0.0015819262558964542
0.659	-0.0015750506780851936
0.66	-0.0015682029584533907
0.661	-0.001561382894169877
0.662	-0.0015545902824034286
0.663	-0.0015478249203228767
0.664	-0.0015410866050970529
0.665	-0.0015343751338947054
0.666	-0.0015276903038847212
0.667	-0.0015210319122358207
0.668	-0.001514399756116891
0.669	-0.0015077936326967356
0.67	-0.001501213339144103
0.671	-0.0014946586726278799
0.672	-0.0014881294303168147
0.673	-0.0014816254093797387
0.674	-0.0014751464069854836
0.675	-0.001468692220302853
0.676	-0.0014622626465006228
0.6769999999999999	-0.0014558574827476245
0.6779999999999999	-0.0014494765262126896
0.6789999999999999	-0.0014431195740645941
0.6799999999999999	-0.0014367864234721694
0.6809999999999999	-0.0014304768716041916
0.6819999999999999	-0.0014241907156295197
0.6829999999999999	-0.0014179277527169576
0.6839999999999999	-0.0014116877800352812
0.6849999999999999	-0.001405470594753322
0.6859999999999999	-0.0013992759940398836
0.6869999999999999	-0.0013931037750637698
0.688	-0.0013869537349938121
0.689	-0.0013808256709987865
0.69	-0.0013747193802475521
0.691	-0.001368634659908885
0.692	-0.0013625713071515888
0.693	-0.001356529119144495
0.694	-0.0013505078930564074
0.695	-0.0013445074260561296
0.696	-0.0013385275153124654
0.697	-0.0013325679579942462
0.698	-0.0013266285512702758
0.699	-0.0013207090923093578
0.7	-0.001314809378280296
0.701	-0.0013087842787348758
0.702	-0.0013027788664243811
0.703	-0.0012967932864831333
0.704	-0.001290827684045398
0.705	-0.001284882204245441
0.706	-0.0012789569922175281
0.707	-0.0012730521930959526
0.708	-0.001267167952015008
0.709	-0.0012613044141089325
0.71	-0.001255461724512047
0.711	-0.0012496400283585896
0.712	-0.0012438394707828537
0.713	-0.001238060196919133
0.714	-0.001232302351901693
0.715	-0.0012265660808647716
0.716	-0.001220851528942718
0.717	-0.0012151588412697423
0.718	-0.0012094881629801657
0.719	-0.0012038396392082262
0.72	-0.001198213415088245
0.721	-0.001192609635754488
0.722	-0.0011870284463412206
0.723	-0.0011814699919827087
0.724	-0.0011759344178132458
0.725	-0.0011704218689671253
0.726	-0.0011649324905785852
0.727	-0.0011594664277819466
0.728	-0.0011540238257114477
0.729	-0.0011486048295013818
0.73	-0.0011432095842860146
0.731	-0.0011378382351996397
0.732	-0.0011324909273765504
0.733	-0.0011271678059509849
0.734	-0.0011218690160572364
0.735	-0.0011165947028295709
0.736	-0.0011113450114023093
0.737	-0.0011061200869096621
0.738	-0.0011009200744859504
0.739	-0.0010957451192654677
0.74	-0.0010905953663824242
0.741	-0.0010854709609711688
0.742	-0.0010803720481659396
0.743	-0.00107529877310103
0.744	-0.0010702512809107056
0.745	-0.0010652297167292324
0.746	-0.0010602342256909036
0.747	-0.0010552649529300129
0.748	-0.001050322043580798
0.749	-0.0010454056427775804
0.75	-0.001040515895654598
0.751	-0.0010357977015597875
0.752	-0.0010311061038646707
0.753	-0.0010264409001543573
0.754	-0.0010218018880140123
0.755	-0.001017188865028773
0.756	-0.0010126016287838047
0.757	-0.0010080399768642168
0.758	-0.0010035037068551467
0.759	-0.0009989926163417873
0.76	-0.0009945065029092481
0.761	-0.0009900451641426944
0.762	-0.0009856083976272634
0.763	-0.0009811960009480925
0.764	-0.000976807771690319
0.765	-0.000972443507439108
0.766	-0.000968103005779597
0.767	-0.0009637860642969509
0.768	-0.0009594924805762517
0.769	-0.0009552220522027199
0.77	-0.0009509745767614375
0.771	-0.0009467498518375972
0.772	-0.0009425476750163364
0.773	-0.0009383678438827647
0.774	-0.0009342101560220473
0.775	-0.0009300744090193214
0.776	-0.0009259604004597521
0.777	-0.0009218679279284769
0.778	-0.0009177967890106609
0.779	-0.0009137467812913858
0.78	-0.0009097177023558445
0.781	-0.0009057093497891744
0.782	-0.0009017215211765406
0.783	-0.0008977540141030249
0.784	-0.000893806626153848
0.785	-0.0008898791549140916
0.786	-0.0008859713979689487
0.787	-0.0008820831529035289
0.788	-0.0008782142173029972
0.789	-0.000874364388752491
0.79	-0.0008705334648371477
0.791	-0.0008667212431421323
0.792	-0.0008629275212525822
0.793	-0.000859152096753607
0.794	-0.0008553947672303996
0.795	-0.0008516553302680974
0.796	-0.0008479335834518376
0.797	-0.0008442293243667298
0.798	-0.000840542350597967
0.799	-0.0008368724597306865
0.8	-0.0008332194493500256
0.801	-0.0008295296219951176
0.802	-0.000825856398736613
0.803	-0.0008221997055991304
0.8039999999999999	-0.0008185594686073161
0.8049999999999999	-0.0008149356137857888
0.8059999999999999	-0.0008113280671591672
0.8069999999999999	-0.0008077367547520697
0.8079999999999999	-0.0008041616025891707
0.8089999999999999	-0.0008006025366950886
0.8099999999999999	-0.0007970594830944422
0.8109999999999999	-0.0007935323678118777
0.8119999999999999	-0.0007900211168720139
0.813	-0.0007865256562994694
0.814	-0.0007830459121188904
0.815	-0.0007795818103548957
0.816	-0.0007761332770321594
0.817	-0.0007727002381752446
0.818	-0.0007692826198088254
0.819	-0.0007658803479575482
0.82	-0.0007624933486460039
0.821	-0.0007591215478988389
0.822	-0.0007557648717406718
0.823	-0.0007524232461961766
0.824	-0.0007490965972899166
0.825	-0.0007457848510465936
0.826	-0.0007424879334907708
0.827	-0.00073920577064715
0.828	-0.0007359382885402943
0.829	-0.0007326854131948779
0.83	-0.0007294470706355194
0.831	-0.0007262231868868652
0.832	-0.0007230136879735061
0.833	-0.0007198184999201163
0.834	-0.0007166375487512866
0.835	-0.0007134707604916912
0.836	-0.000710318061165921
0.837	-0.0007071793767986223
0.838	-0.0007040546334144415
0.839	-0.0007009437570379973
0.84	-0.0006978466736939082
0.841	-0.0006947633094068206
0.842	-0.000691693590201381
0.843	-0.0006886374421021801
0.844	-0.0006855947911338645
0.845	-0.0006825655633210803
0.846	-0.0006795496846884186
0.847	-0.0006765470812605812
0.848	-0.0006735576790621312
0.849	-0.0006705814041177427
0.85	-0.0006676181824520067
0.851	-0.0006646666970446524
0.852	-0.0006617281199497449
0.853	-0.0006588023801764042
0.854	-0.0006558894067337506
0.855	-0.0006529891286309597
0.856	-0.0006501014748771239
0.857	-0.0006472263744813911
0.858	-0.0006443637564528815
0.859	-0.0006415135498007429
0.86	-0.0006386756835341234
0.861	-0.0006358500866621153
0.862	-0.0006330366881938665
0.863	-0.0006302354171385249
0.864	-0.0006274462025052108
0.865	-0.0006246689733030442
0.866	-0.000621903658541173
0.867	-0.0006191501872287453
0.868	-0.0006164084883748533
0.869	-0.0006136784909886728
0.87	-0.0006109601240792961
0.871	-0.0006082533166558712
0.872	-0.0006055579977275738
0.873	-0.0006028740963034684
0.874	-0.0006002015413927031
0.875	-0.0005975402620044534
0.876	-0.0005948901871478118
0.877	-0.0005922512458318985
0.878	-0.000589623367065889
0.879	-0.0005870064798589036
0.88	-0.0005844005132200625
0.881	-0.0005818053961584857
0.882	-0.0005792210576833212
0.883	-0.0005766474268037169
0.884	-0.000574084432528793
0.885	-0.0005715320038676697
0.886	-0.0005689900698294947
0.887	-0.0005664585594234162
0.888	-0.0005639374016585263
0.889	-0.0005614265255439732
0.89	-0.0005589258600888769
0.891	-0.0005564353343024131
0.892	-0.0005539548771936742
0.893	-0.0005514844177718359
0.894	-0.0005490238850459628
0.895	-0.0005465732080252306
0.896	-0.0005441323157187872
0.897	-0.000541701137135725
0.898	-0.0005392796012852197
0.899	-0.0005368676371763637
0.9	-0.0005344651738183048
0.901	-0.0005320907142647713
0.902	-0.0005297255688847535
0.903	-0.0005273696220918223
0.904	-0.0005250227582996037
0.905	-0.0005226848619216684
0.906	-0.0005203558173715872
0.907	-0.0005180355090629862
0.908	-0.0005157238214094084
0.909	-0.0005134206388244522
0.91	-0.000511125845721716
0.911	-0.0005088393265147706
0.912	-0.0005065609656172421
0.913	-0.0005042906474426734
0.914	-0.0005020282564046907
0.915	-0.000499773676916837
0.916	-0.0004975267933927385
0.917	-0.0004952874902459659
0.918	-0.0004930556518901175
0.919	-0.0004908311627387363
0.92	-0.0004886139072054763
0.921	-0.00048640376970388033
0.922	-0.0004842006346475469
0.923	-0.0004820043864500745
0.924	-0.0004798149095250337
0.925	-0.000477632088286023
0.926	-0.00047545580714661306
0.927	-0.00047328595052040234
0.928	-0.00047112240282098927
0.929	-0.00046896504846194453
0.93	-0.00046681377185686657
0.931	-0.00046466845741932605
0.932	-0.0004625289895629492
0.9329999999999999	-0.0004603952527012789
0.9339999999999999	-0.00045826713124791363
0.9349999999999999	-0.0004561445096164518
0.9359999999999999	-0.00045402727222046413
0.9369999999999999	-0.0004519153034735768
0.938	-0.0004498084877893327
0.939	-0.0004477067095813303
0.94	-0.00044560985326316804
0.941	-0.0004435178032484166
0.942	-0.0004414304439507022
0.943	-0.0004393476597835677
0.944	-0.0004372693351606116
0.945	-0.00043519535449543234
0.946	-0.00043312560220160057
0.947	-0.00043105996269271474
0.948	-0.0004289983203823733
0.949	-0.0004269405596841469
0.95	-0.000424886565011634
0.951	-0.0004227397993633586
0.952	-0.0004205968000719762
0.953	-0.00041845768305504016
0.954	-0.00041632256423015934
0.955	-0.0004141915595149148
0.956	-0.0004120647848268877
0.957	-0.0004099423560836868
0.958	-0.0004078243892028377
0.959	-0.000405711000101977
0.96	-0.00040360230469868585
0.961	-0.0004014984189105453
0.962	-0.0003993994586551086
0.963	-0.0003973055398500125
0.964	-0.0003952167784128102
0.965	-0.0003931332902610829
0.966	-0.0003910551913124116
0.967	-0.0003889825974844052
0.968	-0.0003869156246946448
0.969	-0.00038485438886071144
0.97	-0.00038279900590018623
0.971	-0.00038074959173065026
0.972	-0.0003787062622697124
0.973	-0.00037666913343489816
0.974	-0.00037463832114387197
0.975	-0.00037261394131415937
0.976	-0.0003705961098633692
0.977	-0.0003685849427090826
0.978	-0.00036658055576890836
0.979	-0.00036458306496037207
0.98	-0.00036259258620111035
0.981	-0.00036060923540870427
0.982	-0.00035863312850070717
0.983	-0.00035666438139475565
0.984	-0.0003547031100083753
0.985	-0.00035274943025917493
0.986	-0.00035080345806476343
0.987	-0.0003488653093426941
0.988	-0.0003469351000105758
0.989	-0.0003450129459859619
0.99	-0.00034309896318646116
0.991	-0.0003411932675296825
0.992	-0.00033929597493315145
0.993	-0.00033740720131450463
0.994	-0.0003355270625912954
0.995	-0.00033365567468113255
0.996	-0.00033179315350156946
0.997	-0.00032993961497021496
0.998	-0.00032809517500465013
0.999	-0.00032625994952245607
1.	-0.0003244340544412416
1.0010000000000001	-0.00032270796267483415
1.002	-0.0003209912162009665
1.0030000000000001	-0.0003192837139936733
1.004	-0.00031758535502698915
1.0050000000000001	-0.00031589603827492096
1.006	-0.00031421566271144785
1.0070000000000001	-0.00031254412731065995
1.008	-0.0003108813310465086
1.0090000000000001	-0.0003092271728930285
1.01	-0.0003075815518242542
1.0110000000000001	-0.0003059443668141648
1.012	-0.0003043155168368228
1.0130000000000001	-0.00030269490086623496
1.014	-0.00030108241787638046
1.0150000000000001	-0.00029947796684132166
1.016	-0.0002978814467350377
1.0170000000000001	-0.00029629275653156317
1.018	-0.00029471179520493274
1.0190000000000001	-0.0002931384617291255
1.02	-0.0002915726550781761
1.0210000000000001	-0.00029001427422611914
1.022	-0.00028846321814693376
1.0230000000000001	-0.00028691938581468235
1.024	-0.00028538267620331625
1.0250000000000001	-0.0002838529882869256
1.026	-0.00028233022103948957
1.0270000000000001	-0.00028081427343501497
1.028	-0.00027930504444753645
1.0290000000000001	-0.0002778024330510609
1.03	-0.00027630633821959516
1.0310000000000001	-0.0002748166589271739
1.032	-0.0002733332941478317
1.0330000000000001	-0.0002718561428555477
1.034	-0.00027038510402435656
1.0350000000000001	-0.0002689200766282651
1.036	-0.000267460959641308
1.0370000000000001	-0.0002660076520374921
1.038	-0.0002645600527908243
1.0390000000000001	-0.0002631180608753114
1.04	-0.0002616815752650159
1.0410000000000001	-0.00026025049493391683
1.042	-0.0002588247188560211
1.0430000000000001	-0.0002574041460053911
1.044	-0.0002559886753560059
1.0450000000000002	-0.00025457820588190017
1.046	-0.000253172636557053
1.0470000000000002	-0.0002517718663555546
1.048	-0.00025037579425135625
1.0490000000000002	-0.0002489843192184926
1.05	-0.0002475973402309706
1.0510000000000002	-0.0002461777284294975
1.052	-0.0002447624995237929
1.0530000000000002	-0.00024335164139019372
1.054	-0.0002419451419050922
1.0550000000000002	-0.0002405429889448807
1.056	-0.00023914517038592376
1.0570000000000002	-0.00023775167410461373
1.058	-0.00023636248797731518
1.0590000000000002	-0.00023497759988039268
1.06	-0.00023359699769023856
1.061	-0.00023222066928324514
1.062	-0.000230848602535777
1.063	-0.0002294807853241987
1.064	-0.00022811720552490256
1.065	-0.00022675785101425316
1.066	-0.00022540270966864284
1.067	-0.00022405176936443616
1.068	-0.00022270501797802544
1.069	-0.00022136244338577526
1.07	-0.00022002403346407795
1.071	-0.00021868977608927032
1.072	-0.0002173596591378002
1.073	-0.00021603367048597666
1.074	-0.00021471179801021978
1.075	-0.00021339402958689413
1.076	-0.00021208035309236428
1.077	-0.00021077075640302256
1.078	-0.0002094652273952613
1.079	-0.0002081637539454173
1.08	-0.00020686632392991067
1.081	-0.0002055729252250782
1.082	-0.00020428354570731222
1.083	-0.00020299817325303282
1.084	-0.00020171679573854906
1.085	-0.00020043940104028102
1.086	-0.00019916597703459327
1.087	-0.00019789651159787813
1.088	-0.00019663099260647243
1.089	-0.00019536940793679625
1.09	-0.00019411174546521415
1.091	-0.0001928579930680907
1.092	-0.000191608138621846
1.093	-0.0001903621700027891
1.094	-0.00018912007508736783
1.095	-0.00018788184175189127
1.096	-0.00018664745787277948
1.097	-0.0001854169113264248
1.098	-0.00018419018998916403
1.099	-0.00018296728173738952
1.1	-0.00018174817444749358
1.1010000000000002	-0.00018053198494377698
1.102	-0.00017931957424602296
1.1030000000000002	-0.00017811093232200648
1.104	-0.00017690604913944696
1.1050000000000002	-0.00017570491466609162
1.106	-0.00017450751886965987
1.1070000000000002	-0.00017331385171792668
1.108	-0.00017212390317861148
1.1090000000000002	-0.0001709376632194337
1.11	-0.00016975512180816832
1.1110000000000002	-0.00016857626891253474
1.112	-0.00016740109450025242
1.1130000000000002	-0.0001662295885390963
1.114	-0.0001650617409968136
1.1150000000000002	-0.00016389754184109595
1.116	-0.00016273698103971834
1.1170000000000002	-0.0001615800485604002
1.118	-0.00016042673437088872
1.1190000000000002	-0.0001592770284389311
1.12	-0.00015813092073224677
1.1210000000000002	-0.00015698840121858293
1.122	-0.00015584945986568677
1.1230000000000002	-0.00015471408664130548
1.124	-0.0001535822715131585
1.125	-0.00015245400444899304
1.1260000000000001	-0.00015132927541655627
1.127	-0.0001502080743835399
1.1280000000000001	-0.0001490903913177466
1.129	-0.00014797621618689583
1.1300000000000001	-0.00014686553895870702
1.131	-0.00014575834960095513
1.1320000000000001	-0.00014465463808133183
1.133	-0.00014355439436758433
1.1340000000000001	-0.00014245760842748756
1.135	-0.00014136427022876097
1.1360000000000001	-0.00014027436973915175
1.137	-0.00013918789692637934
1.1380000000000001	-0.00013810484175819093
1.139	-0.00013702519420233372
1.1400000000000001	-0.0001359489442265549
1.141	-0.0001348760817985739
1.1420000000000001	-0.00013380659688611019
1.143	-0.00013274047945693868
1.1440000000000001	-0.00013167771947880658
1.145	-0.00013061830691940557
1.1460000000000001	-0.00012956223174653836
1.147	-0.00012850948392786887
1.1480000000000001	-0.00012746005343119982
1.149	-0.00012641393022425063
1.1500000000000001	-0.00012537110427474074
1.151	-0.00012432764301703592
1.1520000000000001	-0.00012328746837012017
1.153	-0.00012225057971956832
1.1540000000000001	-0.0001212169764509552
1.155	-0.00012018665794991112
1.1560000000000001	-0.00011915962360195542
1.157	-0.00011813587279271842
1.1580000000000001	-0.0001171154049078027
1.159	-0.00011609821933275533
1.1600000000000001	-0.00011508431545317888
1.161	-0.00011407369265464817
1.1620000000000001	-0.0001130663503227658
1.163	-0.00011206228784310657
1.1640000000000001	-0.00011106150460127306
1.165	-0.00011006399998284011
1.1660000000000001	-0.00010906977337338253
1.167	-0.0001080788241585029
1.1680000000000001	-0.00010709115172380379
1.169	-0.00010610675545483228
1.1700000000000002	-0.00010512563473719094
1.171	-0.0001041477889564546
1.1720000000000002	-0.00010317321749825359
1.173	-0.00010220191974810722
1.1740000000000002	-0.00010123389509167358
1.175	-0.00010026914291449973
1.1760000000000002	-0.00009930766260216051
1.177	-0.00009834945354025848
1.1780000000000002	-0.00009739451511436847
1.179	-0.00009644284671009307
1.1800000000000002	-0.00009549444771303484
1.181	-0.00009454931750874085
1.1820000000000002	-0.00009360745548281368
1.183	-0.00009266886102082816
1.1840000000000002	-0.00009173353350841462
1.185	-0.00009080147233109237
1.1860000000000002	-0.00008987267687449174
1.187	-0.00008894714652421531
1.1880000000000002	-0.0000880248806657824
1.189	-0.00008710587868485109
1.1900000000000002	-0.00008619013996696845
1.191	-0.00008527766389773705
1.1920000000000002	-0.00008436844986270398
1.193	-0.0000834624972475273
1.1940000000000002	-0.00008255980543772634
1.195	-0.00008166037381893143
1.1960000000000002	-0.00008076420177668964
1.197	-0.00007987128869663129
1.1980000000000002	-0.00007898163396430347
1.199	-0.00007809523696530873
1.2000000000000002	-0.00007721209708524968
1.201	-0.00007633349687463653
1.2020000000000002	-0.00007545814947326757
1.203	-0.00007458605118593198
1.2040000000000002	-0.00007371719831739121
1.205	-0.00007285158717237894
1.2060000000000002	-0.00007198921405565661
1.207	-0.00007113007527198567
1.2080000000000002	-0.00007027416712612755
1.209	-0.0000694214859228437
1.2100000000000002	-0.00006857202796689554
1.211	-0.00006772578956301678
1.2120000000000002	-0.0000668827670159966
1.213	-0.0000660429566305687
1.2140000000000002	-0.00006520635471152225
1.215	-0.00006437295756359096
1.2160000000000002	-0.0000635427614915085
1.217	-0.00006271576280009183
1.2180000000000002	-0.00006189195779404688
1.219	-0.00006107134277816284
1.2200000000000002	-0.00006025391405720115
1.221	-0.0000594396679358955
1.2220000000000002	-0.00005862860071900733
1.223	-0.000057820708711298074
1.2240000000000002	-0.00005701598821752918
1.225	-0.00005621443554248984
1.2260000000000002	-0.00005541604699088598
1.227	-0.000054620818867506804
1.2280000000000002	-0.00005382874747708599
1.229	-0.00005303982912441274
1.2300000000000002	-0.000052254060114220735
1.231	-0.000051471436751271415
1.2320000000000002	-0.00005069195534032622
1.233	-0.000049915612186146596
1.2340000000000002	-0.00004914240359349398
1.235	-0.000048372325867129806
1.2360000000000002	-0.00004760537531178777
1.237	-0.00004684154823225706
1.2380000000000002	-0.00004608084093327136
1.239	-0.000045323249719619874
1.2400000000000002	-0.000044568770896008525
1.241	-0.00004381740076722651
1.2420000000000002	-0.00004306913563806303
1.243	-0.00004232397181319625
1.2440000000000002	-0.00004158190559747088
1.245	-0.000040842933295592854
1.2460000000000002	-0.00004010705121232361
1.247	-0.00003937425565245234
1.2480000000000002	-0.00003864454292071273
1.249	-0.00003791790932183847
1.2500000000000002	-0.00003719435116064651
1.2510000000000001	-0.00003642518409399664
1.2520000000000002	-0.000035659201954835185
1.2530000000000001	-0.000034896517928206805
1.254	-0.000034137245199156174
1.2550000000000001	-0.00003338149695281123
1.256	-0.000032629386374188885
1.2570000000000001	-0.000031881026648361566
1.258	-0.00003113653096037394
1.2590000000000001	-0.000030396012495353952
1.26	-0.00002965958443831851
1.2610000000000001	-0.00002892735997434004
1.262	-0.000028199452288490967
1.2630000000000001	-0.000027475974565815964
1.264	-0.000026757039991387455
1.2650000000000001	-0.00002604276175030562
1.266	-0.000025333253027587377
1.2670000000000001	-0.000024628627008332904
1.268	-0.000023928996877586872
1.2690000000000001	-0.000023234475820421707
1.27	-0.000022545177021909835
1.2710000000000001	-0.000021861213667095925
1.272	-0.000021182698941080158
1.2730000000000001	-0.00002050974602887945
1.274	-0.000019842468115566225
1.2750000000000001	-0.00001918097838626842
1.276	-0.000018525390025975197
1.2770000000000001	-0.000017875816219786733
1.278	-0.000017232370152775456
1.2790000000000001	-0.00001659516500995828
1.28	-0.00001596431397646314
1.2810000000000001	-0.00001533993023733471
1.282	-0.000014722126977617656
1.2830000000000001	-0.000014111017382412161
1.284	-0.00001350671463673514
1.2850000000000001	-0.000012909331925686773
1.286	-0.000012318982434311732
1.2870000000000001	-0.000011735779347710196
1.288	-0.000011159835850926836
1.2890000000000001	-0.000010591265129006322
1.29	-0.00001003018036702108
1.2910000000000001	-9.47669475007129e-6
1.292	-8.930921463173869e-6
1.2930000000000001	-8.392973691428995e-6
1.294	-7.86296461988134e-6
1.2950000000000002	-7.341007433631086e-6
1.296	-6.8272153176951456e-6
1.2970000000000002	-6.321701457145945e-6
1.298	-5.824579037083666e-6
1.2990000000000002	-5.335961242552978e-6
1.3	-4.855961258598551e-6
1.3010000000000002	-4.524916016351854e-6
1.302	-4.202378283163499e-6
1.3030000000000002	-3.888124572443141e-6
1.304	-3.5819313976004352e-6
1.3050000000000002	-3.283575272045036e-6
1.306	-2.992832709186599e-6
1.3070000000000002	-2.7094802224070236e-6
1.308	-2.43329432514372e-6
1.3090000000000002	-2.1640515308063435e-6
1.31	-1.9015283527490379e-6
1.3110000000000002	-1.6455013044369693e-6
1.312	-1.3957468992242816e-6
1.3130000000000002	-1.1520416505483855e-6
1.314	-9.141620718189358e-7
1.3150000000000002	-6.818846764455877e-7
1.316	-4.5498597781024053e-7
1.3170000000000002	-2.3324248932254932e-7
1.318	-1.6430724392169083e-8
1.3190000000000002	1.9567280357124517e-7
1.32	4.032915811580384e-7
1.3210000000000002	6.066490949585557e-7
1.322	8.059688315908975e-7
1.3230000000000002	1.0014742776176533e-6
1.324	1.1933889196569236e-6
1.3250000000000002	1.381936244271298e-6
1.326	1.5673397381066323e-6
1.3270000000000002	1.7498228877255162e-6
1.328	1.929609179690539e-6
1.3290000000000002	2.1069221006753125e-6
1.33	2.2819851372146704e-6
1.3310000000000002	2.455021775898958e-6
1.332	2.6262555033462753e-6
1.3330000000000002	2.795909806146968e-6
1.334	2.964208170919136e-6
1.3350000000000002	3.1313740841976134e-6
1.336	3.297631032600501e-6
1.3370000000000002	3.4632025027736546e-6
1.338	3.6283119812241527e-6
1.3390000000000002	3.793182954625607e-6
1.34	3.958038909512851e-6
1.3410000000000002	4.123103332503986e-6
1.342	4.288599710189356e-6
1.3430000000000002	4.454751529187062e-6
1.344	4.621782276059694e-6
1.3450000000000002	4.789915437425352e-6
1.346	4.959374499846625e-6
1.3470000000000002	5.130382949941614e-6
1.348	5.303164274300665e-6
1.3490000000000002	5.477941959514121e-6
1.35	5.654939492172328e-6
1.3510000000000002	6.063477219736546e-6
1.352	6.474131715450415e-6
1.3530000000000002	6.886576413428491e-6
1.354	7.300484747757574e-6
1.3550000000000002	7.715530152579975e-6
1.356	8.131386061954737e-6
1.3570000000000002	8.547725910024173e-6
1.358	8.964223130902838e-6
1.3590000000000002	9.38055115867753e-6
1.36	9.796383427462807e-6
1.3610000000000002	0.000010211393371345467
1.362	0.000010625254424467823
1.3630000000000002	0.000011037640020916673
1.364	0.000011448223594806572
1.3650000000000002	0.000011856678580224322
1.366	0.000012262678411312233
1.3670000000000002	0.00001266589652212935
1.368	0.000013066006346845738
1.3690000000000002	0.000013462681319520442
1.37	0.000013855594874268018
1.3710000000000002	0.000014244420445203021
1.372	0.000014628831466440007
1.3730000000000002	0.000015008501372065775
1.374	0.00001538310359619488
1.3750000000000002	0.00001575231157294188
1.3760000000000001	0.000016115798736421327
1.3770000000000002	0.000016473238520720024
1.3780000000000001	0.000016824304359952524
1.3790000000000002	0.000017168669688233384
1.3800000000000001	0.000017506007939649404
1.381	0.000017835992548315138
1.3820000000000001	0.0000181582969483729
1.383	0.00001847259457388173
1.3840000000000001	0.00001877855885898394
1.385	0.000019075863237766333
1.3860000000000001	0.000019364181144343462
1.387	0.000019643186012802127
1.3880000000000001	0.00001991255127728464
1.389	0.000020171950371850045
1.3900000000000001	0.000020421056730668408
1.391	0.000020659543787798773
1.3920000000000001	0.000020887084977355697
1.393	0.00002110335373348149
1.3940000000000001	0.000021308023490235195
1.395	0.000021500767681759125
1.3960000000000001	0.000021681259742112324
1.397	0.00002184917310546486
1.3980000000000001	0.000022004181205875772
1.399	0.000022145957477487377
1.4000000000000001	0.000022274175354386472
1.401	0.000022071189935413127
1.4020000000000001	0.000021854754858718906
1.403	0.000021625305427125374
1.4040000000000001	0.00002138327694350961
1.405	0.000021129104710720936
1.4060000000000001	0.00002086322403163643
1.407	0.00002058607020910541
1.4080000000000001	0.000020298078545977205
1.409	0.000019999684345128887
1.4100000000000001	0.000019691322909382025
1.411	0.000019373429541669207
1.4120000000000001	0.000019046439544784244
1.413	0.000018710788221604213
1.4140000000000001	0.000018366910874978437
1.415	0.00001801524280781175
1.4160000000000001	0.00001765621932289796
1.417	0.0000172902757231419
1.4180000000000001	0.000016917847311392897
1.419	0.00001653936939050027
1.4200000000000002	0.000016155277263341095
1.421	0.00001576600623273694
1.4220000000000002	0.00001537199160159264
1.423	0.000014973668672757512
1.4240000000000002	0.000014571472749080883
1.425	0.000014165839133412073
1.4260000000000002	0.000013757203128600404
1.427	0.00001334600003755071
1.4280000000000002	0.000012932665163084556
1.429	0.00001251763380807902
1.4300000000000002	0.000012101341275383426
1.431	0.00001168422286787485
1.4320000000000002	0.000011266713888374857
1.433	0.000010849249639788283
1.4340000000000002	0.000010432265424936693
1.435	0.000010016196546697165
1.4360000000000002	9.601478307946776e-6
1.437	9.188546011507093e-6
1.4380000000000002	8.777834960255193e-6
1.439	8.369780457040399e-6
1.4400000000000002	7.964817804739788e-6
1.441	7.563382306202682e-6
1.4420000000000002	7.165909264306158e-6
1.443	6.772833981871784e-6
1.4440000000000002	6.384591761776637e-6
1.445	6.001617906897794e-6
1.4460000000000002	5.6243477200568215e-6
1.447	5.253216504158553e-6
1.4480000000000002	4.8886595620245554e-6
1.449	4.531112196559661e-6
1.4500000000000002	4.1810097105576816e-6
1.451	3.8387874069234496e-6
1.4520000000000002	3.5048805885062873e-6
1.453	3.1797245581555167e-6
1.4540000000000002	2.8637546187482155e-6
1.455	2.5574060731337056e-6
1.4560000000000002	2.261114224161309e-6
1.457	1.9753143747081037e-6
1.4580000000000002	1.7004418276234112e-6
1.459	1.4369318857843094e-6
1.4600000000000002	1.1852198520123647e-6
1.461	9.457410292124102e-7
1.4620000000000002	7.189307202060125e-7
1.463	5.05224227870249e-7
1.4640000000000002	3.050568550544419e-7
1.465	1.1886390460791318e-7
1.4660000000000002	-5.291932056450399e-8
1.467	-2.0985751764124316e-7
1.4680000000000002	-3.515153837729823e-7
1.469	-4.774576160826438e-7
1.4700000000000002	-5.872489116931501e-7
1.471	-6.804539677551791e-7
1.4720000000000002	-7.566374814471644e-7
1.473	-8.153641498642727e-7
1.4740000000000002	-8.561986701571822e-7
1.475	-8.787057395043263e-7
1.4760000000000002	-8.824500549731162e-7
1.477	-8.669963137697412e-7
1.4780000000000002	-8.319092130171235e-7
1.479	-7.767534498381856e-7
1.4800000000000002	-7.010937214113611e-7
1.481	-6.044947248318167e-7
1.4820000000000002	-4.865211572502304e-7
1.483	-3.4673771584503577e-7
1.4840000000000002	-1.8470909771139965e-7
1.485	0.