   2.0000000949949026E-003   0.0000000000000000     
   4.0000001899898052E-003   0.0000000000000000     
   6.0000002849847078E-003   0.0000000000000000     
   8.0000003799796104E-003   0.0000000000000000     
   1.0000000474974513E-002   0.0000000000000000     
   1.2000000569969416E-002   0.0000000000000000     
   1.4000000664964318E-002   0.0000000000000000     
   1.6000000759959221E-002   0.0000000000000000     
   1.8000000854954123E-002   0.0000000000000000     
   2.0000000949949026E-002   0.0000000000000000     
   2.2000001044943929E-002   0.0000000000000000     
   2.4000001139938831E-002   0.0000000000000000     
   2.6000001234933734E-002   0.0000000000000000     
   2.8000001329928637E-002   0.0000000000000000     
   3.0000001424923539E-002   0.0000000000000000     
   3.2000001519918442E-002   0.0000000000000000     
   3.4000001614913344E-002   0.0000000000000000     
   3.6000001709908247E-002   0.0000000000000000     
   3.8000001804903150E-002   0.0000000000000000     
   4.0000001899898052E-002   0.0000000000000000     
   4.2000001994892955E-002   0.0000000000000000     
   4.4000002089887857E-002   0.0000000000000000     
   4.6000002184882760E-002   0.0000000000000000     
   4.8000002279877663E-002   0.0000000000000000     
   5.0000002374872565E-002   0.0000000000000000     
   5.2000002469867468E-002   0.0000000000000000     
   5.4000002564862370E-002   0.0000000000000000     
   5.6000002659857273E-002   0.0000000000000000     
   5.8000002754852176E-002   0.0000000000000000     
   6.0000002849847078E-002   0.0000000000000000     
   6.2000002944841981E-002   0.0000000000000000     
   6.4000003039836884E-002   0.0000000000000000     
   6.6000003134831786E-002   0.0000000000000000     
   6.8000003229826689E-002   0.0000000000000000     
   7.0000003324821591E-002   0.0000000000000000     
   7.2000003419816494E-002   0.0000000000000000     
   7.4000003514811397E-002   0.0000000000000000     
   7.6000003609806299E-002   0.0000000000000000     
   7.8000003704801202E-002   0.0000000000000000     
   8.0000003799796104E-002   0.0000000000000000     
   8.2000003894791007E-002   0.0000000000000000     
   8.4000003989785910E-002   0.0000000000000000     
   8.6000004084780812E-002   0.0000000000000000     
   8.8000004179775715E-002   0.0000000000000000     
   9.0000004274770617E-002   0.0000000000000000     
   9.2000004369765520E-002   0.0000000000000000     
   9.4000004464760423E-002   0.0000000000000000     
   9.6000004559755325E-002   0.0000000000000000     
   9.8000004654750228E-002   0.0000000000000000     
  0.10000000474974513        0.0000000000000000     
  0.10200000484474003        0.0000000000000000     
  0.10400000493973494        0.0000000000000000     
  0.10600000503472984        0.0000000000000000     
  0.10800000512972474        0.0000000000000000     
  0.11000000522471964        0.0000000000000000     
  0.11200000531971455        0.0000000000000000     
  0.11400000541470945        0.0000000000000000     
  0.11600000550970435        0.0000000000000000     
  0.11800000560469925        0.0000000000000000     
  0.12000000569969416        0.0000000000000000     
  0.12200000579468906        0.0000000000000000     
  0.12400000588968396        0.0000000000000000     
  0.12600000598467886        0.0000000000000000     
  0.12800000607967377        0.0000000000000000     
  0.13000000617466867        0.0000000000000000     
  0.13200000626966357        0.0000000000000000     
  0.13400000636465847        0.0000000000000000     
  0.13600000645965338        0.0000000000000000     
  0.13800000655464828        0.0000000000000000     
  0.14000000664964318        0.0000000000000000     
  0.14200000674463809        0.0000000000000000     
  0.14400000683963299        0.0000000000000000     
  0.14600000693462789        0.0000000000000000     
  0.14800000702962279        0.0000000000000000     
  0.15000000712461770        0.0000000000000000     
  0.15200000721961260        0.0000000000000000     
  0.15400000731460750        0.0000000000000000     
  0.15600000740960240        0.0000000000000000     
  0.15800000750459731        0.0000000000000000     
  0.16000000759959221        0.0000000000000000     
  0.16200000769458711        0.0000000000000000     
  0.16400000778958201        0.0000000000000000     
  0.16600000788457692        0.0000000000000000     
  0.16800000797957182        0.0000000000000000     
  0.17000000807456672        0.0000000000000000     
  0.17200000816956162        0.0000000000000000     
  0.17400000826455653        0.0000000000000000     
  0.17600000835955143        0.0000000000000000     
  0.17800000845454633        0.0000000000000000     
  0.18000000854954123        0.0000000000000000     
  0.18200000864453614        0.0000000000000000     
  0.18400000873953104        4.2379999160766599E-006
  0.18600000883452594        2.9665999412536620E-005
  0.18800000892952085        8.4759998321533208E-005
  0.19000000902451575        2.2461399555206299E-004
  0.19200000911951065        6.1027198791503907E-004
  0.19400000921450555        1.5299179697036743E-003
  0.19600000930950046        3.5980619287490846E-003
  0.19800000940449536        7.5563538503646849E-003
  0.20000000949949026        1.4701621708869935E-002
  0.20200000959448516        2.6432405476570130E-002
  0.20400000968948007        4.5295743103027343E-002
  0.20600000978447497        7.1821384577751154E-002
  0.20800000987946987       0.10892931184291840     
  0.21000000997446477       0.15817910886764527     
  0.21200001006945968       0.21937158965587616     
  0.21400001016445458       0.29517669415473941     
  0.21600001025944948       0.38171665244102476     
  0.21800001035444438       0.48045357448577880     
  0.22000001044943929       0.58935322032928472     
  0.22200001054443419       0.70572446002483369     
  0.22400001063942909       0.82852050759315488     
  0.22600001073442400       0.95409668310642237     
  0.22800001082941890        1.0799737566137313     
  0.23000001092441380        1.2059610181188583     
  0.23200001101940870        1.3294181936740874     
  0.23400001111440361        1.4495485392951966     
  0.23600001120939851        1.5640423450279235     
  0.23800001130439341        1.6735946428585053     
  0.24000001139938831        1.7751752628469468     
  0.24200001149438322        1.8719627049303056     
  0.24400001158937812        1.9621770091438293     
  0.24600001168437302        2.0455469434928895     
  0.24800001177936792        2.1223395019721987     
  0.25000001187436283        2.1928894865751265     
  0.25200001196935773        2.2577902172899247     
  0.25400001206435263        2.3171561201143263     
  0.25600001215934753        2.3723603070211410     
  0.25800001225434244        2.4211269720554354     
  0.26000001234933734        2.4668126111507416     
  0.26200001244433224        2.5086162423229217     
  0.26400001253932714        2.5469319995641708     
  0.26600001263432205        2.5823743928623197     
  0.26800001272931695        2.6149010422182082     
  0.27000001282431185        2.6449442236232756     
  0.27200001291930676        2.6729658790683746     
  0.27400001301430166        2.6985930645608902     
  0.27600001310929656        2.7221351540946959     
  0.27800001320429146        2.7442447996568680     
  0.28000001329928637        2.7648838592481613     
  0.28200001339428127        2.7838828128719331     
  0.28400001348927617        2.8020299285125732     
  0.28600001358427107        2.8192913021707535     
  0.28800001367926598        2.8358237398433683     
  0.29000001377426088        2.8508220215463638     
  0.29200001386925578        2.8640064392852782     
  0.29400001396425068        2.8745336310768126     
  0.29600001405924559        2.8806109229564667     
  0.29800001415424049        2.8794751389789583     
  0.30000001424923539        2.8676595952129365     
  0.30200001434423029        2.8415111357307432     
  0.30400001443922520        2.7941048686695100     
  0.30600001453422010        2.7228089960813522     
  0.30800001462921500        2.6242966880321501     
  0.31000001472420990        2.4952665425872804     
  0.31200001481920481        2.3371976217174528     
  0.31400001491419971        2.1494076074361801     
  0.31600001500919461        1.9400927915811539     
  0.31800001510418952        1.7068459902000428     
  0.32000001519918442        1.4605334350776673     
  0.32200001529417932        1.2044438141489029     
  0.32400001538917422       0.94504007728576656     
  0.32600001548416913       0.69184924829959871     
  0.32800001557916403       0.44661738315582278     
  0.33000001567415893       0.20906477385997771     
  0.33200001576915383       -1.0039821801185608E-002
  0.33400001586414874      -0.21302730378150939     
  0.33600001595914364      -0.39487564218044280     
  0.33800001605413854      -0.55419053502559656     
  0.34000001614913344      -0.69192977029800418     
  0.34200001624412835      -0.81022929995536808     
  0.34400001633912325      -0.90495707407951353     
  0.34600001643411815      -0.97649875066280367     
  0.34800001652911305       -1.0280116396427155     
  0.35000001662410796       -1.0577793510532378     
  0.35200001671910286       -1.0683150188446044     
  0.35400001681409776       -1.0624623409605025     
  0.35600001690909266       -1.0396788534116745     
  0.35800001700408757      -0.99934580821037289     
  0.36000001709908247      -0.94807872322559361     
  0.36200001719407737      -0.88477571847915648     
  0.36400001728907228      -0.80989025996208186     
  0.36600001738406718      -0.72920721755981444     
  0.36800001747906208      -0.64389204124927524     
  0.37000001757405698      -0.55325817504405972     
  0.37200001766905189      -0.45848802092075347     
  0.37400001776404679      -0.36014099486827850     
  0.37600001785904169      -0.26217115080833436     
  0.37800001795403659      -0.16277733877658843     
  0.38000001804903150       -6.6659500679969785E-002
  0.38200001814402640        2.5661089491844178E-002
  0.38400001823902130       0.11811305766105652     
  0.38600001833401620       0.20887830186367035     
  0.38800001842901111       0.29657947212696073     
  0.39000001852400601       0.37996635847568511     
  0.39200001861900091       0.46177670885562899     
  0.39400001871399581       0.54096797528743745     
  0.39600001880899072       0.61780291376590724     
  0.39800001890398562       0.69109912231445314     
  0.40000001899898052       0.76148382492065425     
  0.40200001909397542       0.82996990356445310     
  0.40400001918897033       0.89549785826683048     
  0.40600001928396523       0.95978831699371336     
  0.40800001937896013        1.0185481858301162     
  0.41000001947395504        1.0775114786624909     
  0.41200001956894994        1.1335675035524369     
  0.41400001966394484        1.1858474705171584     
  0.41600001975893974        1.2356312555313111     
  0.41800001985393465        1.2850463345527650     
  0.42000001994892955        1.3329738756036758     
  0.42200002004392445        1.3797020626783372     
  0.42400002013891935        1.4238620218038558     
  0.42600002023391426        1.4653223749828339     
  0.42800002032890916        1.5051129561948777     
  0.43000002042390406        1.5431532434415818     
  0.43200002051889896        1.5801933627080917     
  0.43400002061389387        1.6147796800231933     
  0.43600002070888877        1.6470859533834457     
  0.43800002080388367        1.6771079447889328     
  0.44000002089887857        1.7041760502529144     
  0.44200002099387348        1.7260271778202056     
  0.44400002108886838        1.7448396594476701     
  0.44600002118386328        1.7612788611221313     
  0.44800002127885818        1.7754888748407365     
  0.45000002137385309        1.7865373406219482     
  0.45200002146884799        1.7946743004608154     
  0.45400002156384289        1.7997810903596878     
  0.45600002165883780        1.8038071902799606     
  0.45800002175383270        1.8052862522506714     
  0.46000002184882760        1.8007049743413925     
  0.46200002194382250        1.7974162864065171     
  0.46400002203881741        1.7899997865533828     
  0.46600002213381231        1.7797650167560577     
  0.46800002222880721        1.7644573610591889     
  0.47000002232380211        1.7483105813789368     
  0.47200002241879702        1.7287903537654876     
  0.47400002251379192        1.7092955541515351     
  0.47600002260878682        1.6827868646764754     
  0.47800002270378172        1.6580199931669235     
  0.48000002279877663        1.6298542457246781     
  0.48200002289377153        1.5993448843288423     
  0.48400002298876643        1.5675471709585189     
  0.48600002308376133        1.5334821276330948     
  0.48800002317875624        1.4953189383888246     
  0.49000002327375114        1.4580245391273499     
  0.49200002336874604        1.4186789479064941     
  0.49400002346374094        1.3783967587041854     
  0.49600002355873585        1.3373051115179062     
  0.49800002365373075        1.2909371544361115     
  0.50000002374872565        1.2456541253328324     
  0.50200002384372056        1.1952219263315200     
  0.50400002393871546        1.1439294133472442     
  0.50600002403371036        1.0962180102920531     
  0.50800002412870526        1.0478624312496185     
  0.51000002422370017       0.99989251019954684     
  0.51200002431869507       0.95249471913814543     
  0.51400002441368997       0.90234222813129428     
  0.51600002450868487       0.85441044908046726     
  0.51800002460367978       0.80348664208889009     
  0.52000002469867468       0.75948348896026607     
  0.52200002479366958       0.71637879181385045     
  0.52400002488866448       0.67382079665660854     
  0.52600002498365939       0.63298766746520996     
  0.52800002507865429       0.59257833826541906     
  0.53000002517364919       0.55625444098472598     
  0.53200002526864409       0.52029077369689947     
  0.53400002536363900       0.48348374442577363     
  0.53600002545863390       0.45094861907005312     
  0.53800002555362880       0.41838806571483611     
  0.54000002564862370       0.38950185828685763     
  0.54200002574361861       0.36478584277629850     
  0.54400002583861351       0.33899761328697203     
  0.54600002593360841       0.31777370970726015     
  0.54800002602860332       0.29940198007106783     
  0.55000002612359822       0.27938590646743772     
  0.55200002621859312       0.26632439072608949     
  0.55400002631358802       0.25325439898490903     
  0.55600002640858293       0.24506234514713288     
  0.55800002650357783       0.24078620323181152     
  0.56000002659857273       0.23689995730876923     
  0.56200002669356763       0.23483605134963989     
  0.56400002678856254       0.23483181334972381     
  0.56600002688355744       0.23414525736331940     
  0.56800002697855234       0.23839597127914428     
  0.57000002707354724       0.24569804513454438     
  0.57200002716854215       0.25616166692733766     
  0.57400002726353705       0.27114723463058471     
  0.57600002735853195       0.28930282627105713     
  0.57800002745352685       0.30898409788131714     
  0.58000002754852176       0.33151330543518065     
  0.58200002764351666       0.34865177709579470     
  0.58400002773851156       0.37255409662246702     
  0.58600002783350646       0.39983834008216856     
  0.58800002792850137       0.42803799152374267     
  0.59000002802349627       0.45783536893367766     
  0.59200002811849117       0.49359561222553255     
  0.59400002821348608       0.52373626762866976     
  0.59600002830848098       0.55678419097423548     
  0.59800002840347588       0.59311656425476078     
  0.60000002849847078       0.62989816552639011     
  0.60200002859346569       0.67200693269252776     
  0.60400002868846059       0.71469630584716792     
  0.60600002878345549       0.75421141706466677     
  0.60800002887845039       0.79738392220973964     
  0.61000002897344530       0.84076408935070035     
  0.61200002906844020       0.88413154249191284     
  0.61400002916343510       0.92360003571033478     
  0.61600002925843000       0.96567489887714386     
  0.61800002935342491        1.0075209100484848     
  0.62000002944841981        1.0504942291975021     
  0.62200002954341471        1.0932386963510514     
  0.62400002963840961        1.1334064595556259     
  0.62600002973340452        1.1724214867830276     
  0.62800002982839942        1.2109321920204164     
  0.63000002992339432        1.2500658832454681     
  0.63200003001838923        1.2855506565427781     
  0.63400003011338413        1.3183782038927079     
  0.63600003020837903        1.3506293832540512     
  0.63800003030337393        1.3841180585908890     
  0.64000003039836884        1.4169413679409026     
  0.64200003049336374        1.4493069732999802     
  0.64400003058835864        1.4762055587673186     
  0.64600003068335354        1.4995781283044816     
  0.64800003077834845        1.5234804478311539     
  0.65000003087334335        1.5464927873754502     
  0.65200003096833825        1.5651145590066911     
  0.65400003106333315        1.5825624046611786     
  0.65600003115832806        1.5937252964401245     
  0.65800003125332296        1.6045152442264556     
  0.66000003134831786        1.6137159420442582     
  0.66200003144331276        1.6223402718734741     
  0.66400003153830767        1.6232768698549271     
  0.66600003163330257        1.6275360597705841     
  0.66800003172829747        1.6287693177461624     
  0.67000003182329237        1.6277606737661361     
  0.67200003191828728        1.6265655577898026     
  0.67400003201328218        1.6196788079261779     
  0.67600003210827708        1.6164452139902115     
  0.67800003220327199        1.6101094041156769     
  0.68000003229826689        1.5997644463205338     
  0.68200003239326179        1.5871987765693665     
  0.68400003248825669        1.5739253608322143     
  0.68600003258325160        1.5565919411754607     
  0.68800003267824650        1.5333295596361161     
  0.69000003277324140        1.5137923800230026     
  0.69200003286823630        1.4901994344902039     
  0.69400003296323121        1.4700816488885879     
  0.69600003305822611        1.4489552193069457     
  0.69800003315322101        1.4246163857889176     
  0.70000003324821591        1.3985950663042068     
  0.70200003334321082        1.3691155388879777     
  0.70400003343820572        1.3383434214973449     
  0.70600003353320062        1.3075670661067962     
  0.70800003362819552        1.2744004787635803     
  0.71000003372319043        1.2457939793300630     
  0.71200003381818533        1.2158228439235688     
  0.71400003391318023        1.1858813745164871     
  0.71600003400817513        1.1534352471590041     
  0.71800003410317004        1.1180055678606033     
  0.72000003419816494        1.0892549764299393     
  0.72200003429315984        1.0551602671051026     
  0.72400003438815475        1.0277107416486739     
  0.72600003448314965       0.99380674232006072     
  0.72800003457814455       0.96330585692405701     
  0.73000003467313945       0.93483921148777005     
  0.73200003476813436       0.90643613605022433     
  0.73400003486312926       0.88370350450038915     
  0.73600003495812416       0.85456301707744597     
  0.73800003505311906       0.83092345354557040     
  0.74000003514811397       0.80624981803417206     
  0.74200003524310887       0.78464449446201323     
  0.74400003533810377       0.76090321893215185     
  0.74600003543309867       0.73499208744525912     
  0.74800003552809358       0.71213231589794157     
  0.75000003562308848       0.68996333833694456     
  0.75200003571808338       0.66692133279323573     
  0.75400003581307828       0.64364199925422672     
  0.75600003590807319       0.62998716352462769     
  0.75800003600306809       0.61459050982952113     
  0.76000003609806299       0.60316486205577846     
  0.76200003619305789       0.58878956634044644     
  0.76400003628805280       0.58234780646800999     
  0.76600003638304770       0.57496521061420436     
  0.76800003647804260       0.56645106878280638     
  0.77000003657303751       0.56186979087352751     
  0.77200003666803241       0.55747922296047214     
  0.77400003676302731       0.55381335303306578     
  0.77600003685802221       0.54977030111312863     
  0.77800003695301712       0.54829971514225007     
  0.78000003704801202       0.54913883912563322     
  0.78200003714300692       0.55408458502769475     
  0.78400003723800182       0.55383878103256223     
  0.78600003733299673       0.55549160099983219     
  0.78800003742799163       0.56270891485691066     
  0.79000003752298653       0.57393537663459782     
  0.79200003761798143       0.58719184037208561     
  0.79400003771297634       0.59899043213844294     
  0.79600003780797124       0.61120434789657596     
  0.79800003790296614       0.62594834960460666     
  0.80000003799796104       0.64006088932514194     
  0.80200003809295595       0.65343177906036376     
  0.80400003818795085       0.66911661674976353     
  0.80600003828294575       0.68544139242649083     
  0.80800003837794065       0.70038034213066103     
  0.81000003847293556       0.71623893781661985     
  0.81200003856793046       0.73533960343837734     
  0.81400003866292536       0.75477083305358883     
  0.81600003875792027       0.77477843065738683     
  0.81800003885291517       0.79335782228946683     
  0.82000003894791007       0.81527251985549931     
  0.82200003904290497       0.83562339545249942     
  0.82400003913789988       0.85824583900451656     
  0.82600003923289478       0.87860942860126501     
  0.82800003932788968       0.90240156013011930     
  0.83000003942288458       0.92644373365402222     
  0.83200003951787949       0.95079528117179868     
  0.83400003961287439       0.97080287877559657     
  0.83600003970786929       0.99097152037620539     
  0.83800003980286419        1.0076819540452957     
  0.84000003989785910        1.0308426235866546     
  0.84200003999285400        1.0482862312412262     
  0.84400004008784890        1.0668317188739778     
  0.84600004018284380        1.0862756624889374     
  0.84800004027783871        1.0975784082651139     
  0.85000004037283361        1.1134539559507370     
  0.85200004046782851        1.1271723616790772     
  0.85400004056282341        1.1389709534454346     
  0.85600004065781832        1.1560119511079787     
  0.85800004075281322        1.1657593509149551     
  0.86000004084780812        1.1772485686874390     
  0.86200004094280303        1.1848684925365447     
  0.86400004103779793        1.1983283802700042     
  0.86600004113279283        1.2079274500799180     
  0.86800004122778773        1.2118560760021209     
  0.87000004132278264        1.2152252859354020     
  0.87200004141777754        1.2213364818143844     
  0.87400004151277244        1.2263246077156067     
  0.87600004160776734        1.2307660316276550     
  0.87800004170276225        1.2323849475955964     
  0.88000004179775715        1.2303888496351243     
  0.88200004189275205        1.2276256736898423     
  0.88400004198774695        1.2267653597068786     
  0.88600004208274186        1.2244302217531204     
  0.88800004217773676        1.2246463597488404     
  0.89000004227273166        1.2205312618303299     
  0.89200004236772656        1.2193234318542481     
  0.89400004246272147        1.2137419859647751     
  0.89600004255771637        1.2098048840427398     
  0.89800004265271127        1.2003710962295533     
  0.90000004274770617        1.1893565344476700     
  0.90200004284270108        1.1762314487075807     
  0.90400004293769598        1.1687556168556212     
  0.90600004303269088        1.1624155689811706     
  0.90800004312768579        1.1532106331634522     
  0.91000004322268069        1.1454974733161927     
  0.91200004331767559        1.1348728075265884     
  0.91400004341267049        1.1275792096710204     
  0.91600004350766540        1.1185098898506165     
  0.91800004360266030        1.1139752299404144     
  0.92000004369765520        1.1034692281484604     
  0.92200004379265010        1.0928827043581009     
  0.92400004388764501        1.0869113624763489     
  0.92600004398263991        1.0748415387153625     
  0.92800004407763481        1.0617673089742661     
  0.93000004417262971        1.0527912251520157     
  0.93200004426762462        1.0409841573858261     
  0.93400004436261952        1.0252866056966781     
  0.93600004445761442        1.0105426039886474     
  0.93800004455260932       0.99845159022808072     
  0.94000004464760423       0.98641990846633909     
  0.94200004474259913       0.97484593069553371     
  0.94400004483759403       0.96414074290752416     
  0.94600004493258893       0.95345250711917873     
  0.94800004502758384       0.94173019935131075     
  0.95000004512257874       0.92642254365444188     
  0.95200004521757364       0.92014182777881626     
  0.95400004531256855       0.91478923388481137     
  0.95600004540756345       0.90603352605819698     
  0.95800004550255835       0.89634969624996186     
  0.96000004559755325       0.89251854432582856     
  0.96200004569254816       0.88593269245624540     
  0.96400004578754306       0.88268214652061461     
  0.96600004588253796       0.88125394054889683     
  0.96800004597753286       0.87940617258548737     
  0.97000004607252777       0.86756096282005313     
  0.97200004616752267       0.86215327492713933     
  0.97400004626251757       0.86301782691001894     
  0.97600004635751247       0.86605647284984588     
  0.97800004645250738       0.86345857890129085     
  0.98000004654750228       0.85760590101718903     
  0.98200004664249718       0.86289916291236879     
  0.98400004673749208       0.86304749290943150     
  0.98600004683248699       0.86018684296607972     
  0.98800004692748189       0.86047078896045681     
  0.99000004702247679       0.86334839090347293     
  0.99200004711747169       0.86739568082332608     
  0.99400004721246660       0.86779829081535342     
  0.99600004730746150       0.86879422079563140     
  0.99800004740245640       0.86588271485328672     
   1.0000000474974513       0.87090050675392150     
   1.0020000475924462       0.86631922884464263     
   1.0040000476874411       0.87065470275878909     
   1.0060000477824360       0.87528683666706086     
   1.0080000478774309       0.87698627463340761     
   1.0100000479724258       0.88091913855552673     
   1.0120000480674207       0.88540718046665190     
   1.0140000481624156       0.88898405239582057     
   1.0160000482574105       0.88970451238155368     
   1.0180000483524054       0.89184470233917235     
   1.0200000484474003       0.90114711215496068     
   1.0220000485423952       0.90630475805282595     
   1.0240000486373901       0.91954426979064940     
   1.0260000487323850       0.92351527571201319     
   1.0280000488273799       0.93508501548290257     
   1.0300000489223748       0.94059441537380217     
   1.0320000490173697       0.94819314922332765     
   1.0340000491123646       0.96386527291297908     
   1.0360000492073596       0.97263793273925780     
   1.0380000493023545       0.98188101055622101     
   1.0400000493973494       0.98926784440994264     
   1.0420000494923443       0.99682843626022344     
   1.0440000495873392        1.0003671661901474     
   1.0460000496823341        1.0083346060323715     
   1.0480000497773290        1.0209596077823639     
   1.0500000498723239        1.0251001337003709     
   1.0520000499673188        1.0328599115467072     
   1.0540000500623137        1.0368097274684906     
   1.0560000501573086        1.0465867932748794     
   1.0580000502523035        1.0468919292688370     
   1.0600000503472984        1.0546517071151733     
   1.0620000504422933        1.0578005410528184     
   1.0640000505372882        1.0632082289457321     
   1.0660000506322831        1.0742482187271118     
   1.0680000507272780        1.0838854305362702     
   1.0700000508222729        1.0918740603780746     
   1.0720000509172678        1.0871953084707260     
   1.0740000510122627        1.0939167763376236     
   1.0760000511072576        1.0980615402555465     
   1.0780000512022525        1.0995575542259217     
   1.0800000512972474        1.1014180361890793     
   1.0820000513922423        1.1032530901527404     
   1.0840000514872372        1.1002483482122420     
   1.0860000515822321        1.1023927761697769     
   1.0880000516772270        1.0998965942192078     
   1.0900000517722219        1.0966841902828217     
   1.0920000518672168        1.1001339222145081     
   1.0940000519622117        1.0981505382537842     
   1.0960000520572066        1.1032234241533279     
   1.0980000521522015        1.1056348461055756     
   1.1000000522471964        1.1021215441751480     
   1.1020000523421913        1.0972859862709046     
   1.1040000524371862        1.0897550604200363     
   1.1060000525321811        1.0822707525682449     
   1.1080000526271760        1.0756594726991653     
   1.1100000527221709        1.0706671087980271     
   1.1120000528171659        1.0680480248498916     
   1.1140000529121608        1.0605594789981843     
   1.1160000530071557        1.0494813472175599     
   1.1180000531021506        1.0454467712974549     
   1.1200000531971455        1.0417809013700485     
   1.1220000532921404        1.0393991454172133     
   1.1240000533871353        1.0321267375612260     
   1.1260000534821302        1.0180565778398514     
   1.1280000535771251        1.0136829619264602     
   1.1300000536721200        1.0066478820657729     
   1.1320000537671149        1.0004519261884690     
   1.1340000538621098       0.99895591221809388     
   1.1360000539571047       0.99047567438602446     
   1.1380000540520996       0.98511460449218746     
   1.1400000541470945       0.97502392669200899     
   1.1420000542420894       0.97086221077442170     
   1.1440000543370843       0.96862878481864934     
   1.1460000544320792       0.96580203887462612     
   1.1480000545270741       0.95813973502635952     
   1.1500000546220690       0.95062152317523951     
   1.1520000547170639       0.94096312136650084     
   1.1540000548120588       0.93502992148399355     
   1.1560000549070537       0.93278801952838897     
   1.1580000550020486       0.92615131165981290     
   1.1600000550970435       0.92423573569774631     
   1.1620000551920384       0.91875600180625916     
   1.1640000552870333       0.91877719180583950     
   1.1660000553820282       0.91806520781993861     
   1.1680000554770231       0.91866700380802158     
   1.1700000555720180       0.91895942580223089     
   1.1720000556670129       0.91818387181758876     
   1.1740000557620078       0.91717522783756256     
   1.1760000558570027       0.91844662781238551     
   1.1780000559519976       0.92335423171520237     
   1.1800000560469925       0.92091738176345828     
   1.1820000561419874       0.91976888378620147     
   1.1840000562369823       0.91675990384578709     
   1.1860000563319772       0.90975872798442836     
   1.1880000564269722       0.90953411398887629     
   1.1900000565219671       0.90859327800750733     
   1.1920000566169620       0.91226338593482970     
   1.1940000567119569       0.92305757172107694     
   1.1960000568069518       0.92180312374591833     
   1.1980000569019467       0.91972226578712468     
   1.2000000569969416       0.92115470975875857     
   1.2020000570919365       0.92360427371025089     
   1.2040000571869314       0.92795669962406158     
   1.2060000572819263       0.92464258368968966     
   1.2080000573769212       0.92605383766174321     
   1.2100000574719161       0.93353390751361842     
   1.2120000575669110       0.93778462142944341     
   1.2140000576619059       0.93864493541240690     
   1.2160000577569008       0.93941625139713292     
   1.2180000578518957       0.94382800930976862     
   1.2200000579468906       0.94810838922500607     
   1.2220000580418855       0.95235486514091494     
   1.2240000581368804       0.95724551704406735     
   1.2260000582318753       0.96371270491600036     
   1.2280000583268702       0.97028584278583530     
   1.2300000584218651       0.97223956074714657     
   1.2320000585168600       0.97308292273044583     
   1.2340000586118549       0.97304478073120115     
   1.2360000587068498       0.97588424067497248     
   1.2380000588018447       0.97794390863418579     
   1.2400000588968396       0.97544348868370057     
   1.2420000589918345       0.97618937666893002     
   1.2440000590868294       0.97110377676963811     
   1.2460000591818243       0.97476117069721224     
   1.2480000592768192       0.97860079862117766     
   1.2500000593718141       0.98242347454547885     
   1.2520000594668090       0.99273029034137727     
   1.2540000595618039       0.99704881225585940     
   1.2560000596567988        1.0028972521400452     
   1.2580000597517937        1.0075802420473099     
   1.2600000598467886        1.0085295540285111     
   1.2620000599417835        1.0126276999473571     
   1.2640000600367785        1.0155900618886948     
   1.2660000601317734        1.0210189397811891     
   1.2680000602267683        1.0262274416780472     
   1.2700000603217632        1.0320123115634918     
   1.2720000604167581        1.0373649054574967     
   1.2740000605117530        1.0294737496137618     
   1.2760000606067479        1.0317834595680238     
   1.2780000607017428        1.0341355495214462     
   1.2800000607967377        1.0398738014078139     
   1.2820000608917326        1.0435311953353881     
   1.2840000609867275        1.0445059353160857     
   1.2860000610817224        1.0397848034095765     
   1.2880000611767173        1.0414715273761750     
   1.2900000612717122        1.0424081253576278     
   1.2920000613667071        1.0417427593708037     
   1.2940000614617020        1.0409629673862457     
   1.2960000615566969        1.0316944615697861     
   1.2980000616516918        1.0249560417032242     
   1.3000000617466867        1.0286091976308822     
   1.3020000618416816        1.0243203417158127     
   1.3040000619366765        1.0167894158649444     
   1.3060000620316714        1.0150645498991013     
   1.3080000621266663        1.0089533540201188     
   1.3100000622216612        1.0066945000648500     
   1.3120000623166561        1.0045034541082383     
   1.3140000624116510        1.0069360660600661     
   1.3160000625066459        1.0083812240314483     
   1.3180000626016408        1.0083176540327072     
   1.3200000626966357        1.0035541421270371     
   1.3220000627916306        1.0035626181268693     
   1.3240000628866255        1.0059782780790330     
   1.3260000629816204        1.0045415961074828     
   1.3280000630766153        1.0085168400287627     
   1.3300000631716102        1.0108265499830247     
   1.3320000632666051        1.0140559059190750     
   1.3340000633616000        1.0179675798416137     
   1.3360000634565949        1.0143610419130324     
   1.3380000635515898        1.0148653639030456     
   1.3400000636465847        1.0105383659887315     
   1.3420000637415797        1.0097246700048446     
   1.3440000638365746        1.0067665460634232     
   1.3460000639315695        1.0015156641674041     
   1.3480000640265644       0.99915509821414950     
   1.3500000641215593       0.99329394433021545     
   1.3520000642165542       0.99017901439189915     
   1.3540000643115491       0.99134446436882018     
   1.3560000644065440       0.99309899633407595     
   1.3580000645015389       0.98941193640708924     
   1.3600000645965338       0.98494932249546052     
   1.3620000646915287       0.98065622858047485     
   1.3640000647865236       0.97848213462352751     
   1.3660000648815185       0.97424837270736697     
   1.3680000649765134       0.97091306677341460     
   1.3700000650715083       0.97136229476451874     
   1.3720000651665032       0.97334567872524258     
   1.3740000652614981       0.97490526269435884     
   1.3760000653564930       0.97471455269813534     
   1.3780000654514879       0.97144705476284032     
   1.3800000655464828       0.96962047679901120     
   1.3820000656414777       0.97062064477920529     
   1.3840000657364726       0.97208275475025174     
   1.3860000658314675       0.97371014671802525     
   1.3880000659264624       0.97913902461051938     
   1.3900000660214573       0.97543925068378445     
   1.3920000661164522       0.98016038259029392     
   1.3940000662114471       0.98498322649478909     
   1.3960000663064420       0.98694542045593259     
   1.3980000664014369       0.99067486038208008     
   1.4000000664964318       0.98466961450099943     
   1.4020000665914267       0.98591134847640993     
   1.4040000666864216       0.99017901439189915     
   1.4060000667814165       0.98582658847808835     
   1.4080000668764114       0.97209123075008397     
   1.4100000669714063       0.97646484666347499     
   1.4120000670664012       0.97889745861530308     
   1.4140000671613961       0.96929415080547332     
   1.4160000672563910       0.96837874282360081     
   1.4180000673513860       0.96573846887588499     
   1.4200000674463809       0.96530619288444519     
   1.4220000675413758       0.96419159890651707     
   1.4240000676363707       0.97258707674026490     
   1.4260000677313656       0.96901444281101223     
   1.4280000678263605       0.96862878481864934     
   1.4300000679213554       0.96576813487529756     
   1.4320000680163503       0.96935348280429845     
   1.4340000681113452       0.96568761287689209     
   1.4360000682063401       0.96462387489795687     
   1.4380000683013350       0.96397546091079711     
   1.4400000683963299       0.96295410293102268     
   1.4420000684913248       0.95455014909744262     
   1.4440000685863197       0.96080543697357179     
   1.4460000686813146       0.96103005096912386     
   1.4480000687763095       0.95853810701847075     
   1.4500000688713044       0.95739808504104618     
   1.4520000689662993       0.95229129514217381     
   1.4540000690612942       0.95756336703777312     
   1.4560000691562891       0.96077577097415923     
   1.4580000692512840       0.95055795317649838     
   1.4600000693462789       0.95541046308040622     
   1.4620000694412738       0.95281256913185119     
   1.4640000695362687       0.95205820514678952     
   1.4660000696312636       0.95120212916374203     
   1.4680000697262585       0.95114279716491701     
   1.4700000698212534       0.94920603120326996     
   1.4720000699162483       0.95570288507461543     
   1.4740000700112432       0.95292699512958523     
   1.4760000701062381       0.96295834093093868     
   1.4780000702012330       0.96482729889392849     
   1.4800000702962279       0.96906529881000514     
   1.4820000703912228       0.96916701080799106     
   1.4840000704862177       0.97683779065608978     
   1.4860000705812126       0.97924073660850530     
   1.4880000706762075       0.98352535452365875     
   1.4900000707712024       0.98816172643184663     
   1.4920000708661973       0.99023410839080805     
   1.4940000709611923       0.98980183239936825     
   1.4960000710561872       0.98514003249168391     
   1.4980000711511821       0.98259299454212190     
   1.5000000712461770       0.98783963843822475     
   1.5020000713411719       0.99397202431678777     
   1.5040000714361668       0.99118342037200924     
   1.5060000715311617       0.99052229238510137     
   1.5080000716261566       0.99764637024402614     
   1.5100000717211515       0.99229377635002136     
   1.5120000718161464       0.99881605822086339     
   1.5140000719111413        1.0137592459249496     
   1.5160000720061362        1.0124751319503784     
   1.5180000721011311        1.0135092039299012     
   1.5200000721961260        1.0144118979120254     
   1.5220000722911209        1.0122293279552459     
   1.5240000723861158        1.0174463058519363     
   1.5260000724811107        1.0189041778230667     
   1.5280000725761056        1.0196373518085480     
   1.5300000726711005        1.0306349615907668     
   1.5320000727660954        1.0183744278335571     
   1.5340000728610903        1.0161155738782883     
   1.5360000729560852        1.0159333398818970     
   1.5380000730510801        1.0110384499788285     
   1.5400000731460750        1.0080040420389176     
   1.5420000732410699        1.0096102440071106     
   1.5440000733360648        1.0091652540159226     
   1.5460000734310597        1.0105765079879760     
   1.5480000735260546        1.0170394578599931     
   1.5500000736210495        1.0191626958179474     
   1.5520000737160444        1.0171877878570557     
   1.5540000738110393        1.0122759459543229     
   1.5560000739060342        1.0101484699964522     
   1.5580000740010291        1.0153103538942336     
   1.5600000740960240        1.0174166398525237     
   1.5620000741910189        1.0178997718429565     
   1.5640000742860138        1.0197305878067016     
   1.5660000743810087        1.0263884856748582     
   1.5680000744760036        1.0274098436546326     
   1.5700000745709985        1.0263079636764527     
   1.5720000746659935        1.0215571657705307     
   1.5740000747609884        1.0184422358322143     
   1.5760000748559833        1.0169631738615037     
   1.5780000749509782        1.0131404979372025     
   1.5800000750459731        1.0128311239433287     
   1.5820000751409680        1.0085465060281753     
   1.5840000752359629        1.0170267438602447     
   1.5860000753309578        1.0150857398986817     
   1.5880000754259527        1.0136193919277192     
   1.5900000755209476        1.0164418998718261     
   1.5920000756159425        1.0059952300786972     
   1.5940000757109374        1.0034481921291352     
   1.5960000758059323       0.99487895629882817     
   1.5980000759009272        1.0006299221849442     
   1.6000000759959221       0.99341684632778171     
   1.6020000760909170       0.99384488431930540     
   1.6040000761859119       0.99123427637100214     
   1.6060000762809068       0.99812102623462673     
   1.6080000763759017        1.0009350581789016     
   1.6100000764708966       0.99700643225669860     
   1.6120000765658915       0.99224292035102846     
   1.6140000766608864       0.98999678039550776     
   1.6160000767558813       0.98856857442378998     
   1.6180000768508762       0.98631819646835328     
   1.6200000769458711       0.98689456445693968     
   1.6220000770408660       0.99414578231334683     
   1.6240000771358609       0.99748108824729920     
   1.6260000772308558        1.0054400520896911     
   1.6280000773258507        1.0040584641170502     
   1.6300000774208456        1.0035287141275406     
   1.6320000775158405        1.0013249541711806     
   1.6340000776108354       0.99300152233600614     
   1.6360000777058303       0.99544261028766634     
   1.6380000778008252       0.99423054231166841     
   1.6400000778958201       0.99663772626399993     
   1.6420000779908150       0.99362450832366944     
   1.6440000780858099       0.99485776629924771     
   1.6460000781808048       0.98861519242286677     
   1.6480000782757998       0.98594525247573850     
   1.6500000783707947       0.98563587848186496     
   1.6520000784657896       0.98920003641128540     
   1.6540000785607845       0.97652841666221624     
   1.6560000786557794       0.96525957488536840     
   1.6580000787507743       0.96119109496593480     
   1.6600000788457692       0.96065286897659297     
   1.6620000789407641       0.95962303499698642     
   1.6640000790357590       0.95792783503055567     
   1.6660000791307539       0.95334655712127681     
   1.6680000792257488       0.96022059298515317     
   1.6700000793207437       0.95302870712757115     
   1.6720000794157386       0.95226162914276125     
   1.6740000795107335       0.95271933313369750     
   1.6760000796057284       0.95549098507881169     
   1.6780000797007233       0.94889241920948031     
   1.6800000797957182       0.94276003333091740     
   1.6820000798907131       0.94817195922374731     
   1.6840000799857080       0.95193954114913937     
   1.6860000800807029       0.95416025310516361     
   1.6880000801756978       0.96339485492229460     
   1.6900000802706927       0.96732771884441371     
   1.6920000803656876       0.96704377285003662     
   1.6940000804606825       0.95947470499992371     
   1.6960000805556774       0.95929247100353243     
   1.6980000806506723       0.95305837312698360     
   1.7000000807456672       0.95097327716827396     
   1.7020000808406621       0.95418568110466007     
   1.7040000809356570       0.94651490125656124     
   1.7060000810306519       0.95088004117012026     
   1.7080000811256468       0.95047319317817691     
   1.7100000812206417       0.95591478507041927     
   1.7120000813156366       0.94400600530624390     
   1.7140000814106315       0.94071307937145232     
   1.7160000815056264       0.94061984337329863     
   1.7180000816006213       0.93000789158344266     
   1.7200000816956162       0.92763461163043981     
   1.7220000817906111       0.92390940970420843     
   1.7240000818856061       0.91997654578208921     
   1.7260000819806010       0.92806688762187961     
   1.7280000820755959       0.92994855958461764     
   1.7300000821705908       0.92554103967189794     
   1.7320000822655857       0.93511468148231502     
   1.7340000823605806       0.94333640131950380     
   1.7360000824555755       0.94343811331748961     
   1.7380000825505704       0.94900260720729823     
   1.7400000826455653       0.94904498720645902     
   1.7420000827405602       0.94622247926235203     
   1.7440000828355551       0.94914669920444483     
   1.7460000829305500       0.95221924914360045     
   1.7480000830255449       0.95124450916290282     
   1.7500000831205398       0.95522822908401495     
   1.7520000832155347       0.95774983903408051     
   1.7540000833105296       0.96000445498943332     
   1.7560000834055245       0.96095800497055051     
   1.7580000835005194       0.96141994696140287     
   1.7600000835955143       0.95741927504062652     
   1.7620000836905092       0.95446962709903715     
   1.7640000837855041       0.96238621094226839     
   1.7660000838804990       0.95770745903491972     
   1.7680000839754939       0.96583594287395480     
   1.7700000840704888       0.96979423479557036     
   1.7720000841654837       0.96917972480773928     
   1.7740000842604786       0.96722176884651179     
   1.7760000843554735       0.96828974482536312     
   1.7780000844504684       0.96389917691230775     
   1.7800000845454633       0.96631907486438751     
   1.7820000846404582       0.96745062084197997     
   1.7840000847354531       0.97118429876804346     
   1.7860000848304480       0.98011800259113313     
   1.7880000849254429       0.99041210438728333     
   1.7900000850204378       0.99339141832828526     
   1.7920000851154327        1.0005197341871261     
   1.7940000852104276        1.0038423261213303     
   1.7960000853054225        1.0045839761066437     
   1.7980000854004174        1.0152891638946533     
   1.8000000854954123        1.0222098177576064     
   1.8020000855904073        1.0231803197383880     
   1.8040000856854022        1.0126065099477768     
   1.8060000857803971        1.0107375519847870     
   1.8080000858753920        1.0046305941057205     
   1.8100000859703869        1.0087414540243149     
   1.8120000860653818        1.0083727480316163     
   1.8140000861603767        1.0143991839122772     
   1.8160000862553716        1.0110977819776534     
   1.8180000863503665        1.0224768117523193     
   1.8200000864453614        1.0225361437511444     
   1.8220000865403563        1.0274946036529542     
   1.8240000866353512        1.0358053214883804     
   1.8260000867303461        1.0466546012735367     
   1.8280000868253410        1.0421792733621598     
   1.8300000869203359        1.0454425332975388     
   1.8320000870153308        1.0492906372213364     
   1.8340000871103257        1.0453365832996369     
   1.8360000872053206        1.0460146632862091     
   1.8380000873003155        1.0413062453794479     
   1.8400000873953104        1.0386363054323196     
   1.8420000874903053        1.0407383533906938     
   1.8440000875853002        1.0368817734670639     
   1.8460000876802951        1.0424377913570404     
   1.8480000877752900        1.0381235074424744     
   1.8500000878702849        1.0354662814950943     
   1.8520000879652798        1.0205527597904205     
   1.8540000880602747        1.0232269377374650     
   1.8560000881552696        1.0164207098722458     
   1.8580000882502645        1.0189084158229829     
   1.8600000883452594        1.0197729678058625     
   1.8620000884402543        1.0177980598449707     
   1.8640000885352492        1.0294186556148528     
   1.8660000886302441        1.0291728516197205     
   1.8680000887252390        1.0336947975301742     
   1.8700000888202339        1.0308087195873261     
   1.8720000889152288        1.0209257037830353     
   1.8740000890102237        1.0258417836856841     
   1.8760000891052186        1.0116614359664917     
   1.8780000892002136        1.0091737300157546     
   1.8800000892952085       0.99107323237419132     
   1.8820000893902034       0.99358212832450865     
   1.8840000894851983       0.99146736636638644     
   1.8860000895801932       0.99055619638442993     
   1.8880000896751881       0.99736666224956516     
   1.8900000897701830        1.0051179640960692     
   1.8920000898651779        1.0042322221136093     
   1.8940000899601728       0.99583250627994535     
   1.8960000900551677       0.99189964235782624     
   1.8980000901501626       0.99417121031284328     
   1.9000000902451575       0.98505527249336244     
   1.9020000903401524       0.99749380224704742     
   1.9040000904351473       0.99151822236537934     
   1.9060000905301422       0.98978911839962003     
   1.9080000906251371       0.98662757046222682     
   1.9100000907201320       0.98026209458827973     
   1.9120000908151269       0.97511716269016269     
   1.9140000909101218       0.97346858072280884     
   1.9160000910051167       0.97489254869461062     
   1.9180000911001116       0.97525701668739317     
   1.9200000911951065       0.97755401264190678     
   1.9220000912901014       0.98417376851081850     
   1.9240000913850963       0.97574014867782588     
   1.9260000914800912       0.96872625881671903     
   1.9280000915750861       0.97905426461219791     
   1.9300000916700810       0.97949501660346983     
   1.9320000917650759       0.98072403657913210     
   1.9340000918600708       0.97381609671592717     
   1.9360000919550657       0.97123091676712037     
   1.9380000920500606       0.96291596093177800     
   1.9400000921450555       0.95071475917339321     
   1.9420000922400504       0.95291428112983700     
   1.9440000923350453       0.94845590521812440     
   1.9460000924300402       0.95171916515350341     
   1.9480000925250351       0.94556135127544405     
   1.9500000926200300       0.94748540323734287     
   1.9520000927150249       0.94814653122425074     
   1.9540000928100199       0.94487055728912350     
   1.9560000929050148       0.94524773928165440     
   1.9580000930000097       0.94532402328014375     
   1.9600000930950046       0.95341436511993405     
   1.9620000931899995       0.95438062910079957     
   1.9640000932849944       0.95995783699035642     
   1.9660000933799893       0.95791935903072356     
   1.9680000934749842       0.96048758697986603     
   1.9700000935699791       0.96733619484424593     
   1.9720000936649740       0.96753114284038544     
   1.9740000937599689       0.96625974286556249     
   1.9760000938549638       0.96136909096240997     
   1.9780000939499587       0.96539095288276677     
   1.9800000940449536       0.96073339097499844     
   1.9820000941399485       0.96100038496971130     
   1.9840000942349434       0.96211497894763942     
   1.9860000943299383       0.96768794883728027     
   1.9880000944249332       0.96877287681579594     
   1.9900000945199281       0.96219550094604489     
   1.9920000946149230       0.95798292902946469     
   1.9940000947099179       0.95292275712966923     
   1.9960000948049128       0.96127585496425627     
   1.9980000948999077       0.96507310288906101     
   2.0000000949949026       0.96472134889602656     
