2.000000000000000042e-03 0.000000000000000000e+00
4.000000000000000083e-03 0.000000000000000000e+00
6.000000000000000125e-03 0.000000000000000000e+00
8.000000000000000167e-03 0.000000000000000000e+00
1.000000000000000021e-02 0.000000000000000000e+00
1.200000000000000025e-02 0.000000000000000000e+00
1.400000000000000029e-02 0.000000000000000000e+00
1.600000000000000033e-02 0.000000000000000000e+00
1.799999999999999864e-02 0.000000000000000000e+00
2.000000000000000042e-02 0.000000000000000000e+00
2.199999999999999872e-02 0.000000000000000000e+00
2.400000000000000050e-02 0.000000000000000000e+00
2.599999999999999881e-02 0.000000000000000000e+00
2.800000000000000058e-02 0.000000000000000000e+00
2.999999999999999889e-02 0.000000000000000000e+00
3.200000000000000067e-02 0.000000000000000000e+00
3.400000000000000244e-02 0.000000000000000000e+00
3.599999999999999728e-02 0.000000000000000000e+00
3.799999999999999906e-02 0.000000000000000000e+00
4.000000000000000083e-02 0.000000000000000000e+00
4.200000000000000261e-02 0.000000000000000000e+00
4.399999999999999745e-02 0.000000000000000000e+00
4.599999999999999922e-02 0.000000000000000000e+00
4.800000000000000100e-02 0.000000000000000000e+00
5.000000000000000278e-02 0.000000000000000000e+00
5.199999999999999761e-02 0.000000000000000000e+00
5.399999999999999939e-02 0.000000000000000000e+00
5.600000000000000117e-02 0.000000000000000000e+00
5.800000000000000294e-02 0.000000000000000000e+00
5.999999999999999778e-02 0.000000000000000000e+00
6.199999999999999956e-02 0.000000000000000000e+00
6.400000000000000133e-02 0.000000000000000000e+00
6.600000000000000311e-02 0.000000000000000000e+00
6.800000000000000488e-02 0.000000000000000000e+00
7.000000000000000666e-02 0.000000000000000000e+00
7.199999999999999456e-02 0.000000000000000000e+00
7.399999999999999634e-02 0.000000000000000000e+00
7.599999999999999811e-02 0.000000000000000000e+00
7.799999999999999989e-02 0.000000000000000000e+00
8.000000000000000167e-02 0.000000000000000000e+00
8.200000000000000344e-02 0.000000000000000000e+00
8.400000000000000522e-02 0.000000000000000000e+00
8.599999999999999312e-02 0.000000000000000000e+00
8.799999999999999489e-02 0.000000000000000000e+00
8.999999999999999667e-02 0.000000000000000000e+00
9.199999999999999845e-02 0.000000000000000000e+00
9.400000000000000022e-02 0.000000000000000000e+00
9.600000000000000200e-02 0.000000000000000000e+00
9.800000000000000377e-02 0.000000000000000000e+00
1.000000000000000056e-01 0.000000000000000000e+00
1.019999999999999934e-01 0.000000000000000000e+00
1.039999999999999952e-01 0.000000000000000000e+00
1.059999999999999970e-01 0.000000000000000000e+00
1.079999999999999988e-01 0.000000000000000000e+00
1.100000000000000006e-01 0.000000000000000000e+00
1.120000000000000023e-01 0.000000000000000000e+00
1.140000000000000041e-01 0.000000000000000000e+00
1.160000000000000059e-01 0.000000000000000000e+00
1.179999999999999938e-01 0.000000000000000000e+00
1.199999999999999956e-01 0.000000000000000000e+00
1.219999999999999973e-01 0.000000000000000000e+00
1.239999999999999991e-01 0.000000000000000000e+00
1.260000000000000009e-01 0.000000000000000000e+00
1.280000000000000027e-01 0.000000000000000000e+00
1.300000000000000044e-01 0.000000000000000000e+00
1.320000000000000062e-01 0.000000000000000000e+00
1.340000000000000080e-01 0.000000000000000000e+00
1.360000000000000098e-01 0.000000000000000000e+00
1.380000000000000115e-01 0.000000000000000000e+00
1.400000000000000133e-01 0.000000000000000000e+00
1.419999999999999873e-01 0.000000000000000000e+00
1.439999999999999891e-01 0.000000000000000000e+00
1.459999999999999909e-01 0.000000000000000000e+00
1.479999999999999927e-01 0.000000000000000000e+00
1.499999999999999944e-01 0.000000000000000000e+00
1.519999999999999962e-01 0.000000000000000000e+00
1.539999999999999980e-01 0.000000000000000000e+00
1.559999999999999998e-01 0.000000000000000000e+00
1.580000000000000016e-01 0.000000000000000000e+00
1.600000000000000033e-01 0.000000000000000000e+00
1.620000000000000051e-01 0.000000000000000000e+00
1.640000000000000069e-01 0.000000000000000000e+00
1.660000000000000087e-01 0.000000000000000000e+00
1.680000000000000104e-01 0.000000000000000000e+00
1.700000000000000122e-01 0.000000000000000000e+00
1.719999999999999862e-01 0.000000000000000000e+00
1.739999999999999880e-01 0.000000000000000000e+00
1.759999999999999898e-01 0.000000000000000000e+00
1.779999999999999916e-01 0.000000000000000000e+00
1.799999999999999933e-01 0.000000000000000000e+00
1.819999999999999951e-01 0.000000000000000000e+00
1.839999999999999969e-01 0.000000000000000000e+00
1.859999999999999987e-01 0.000000000000000000e+00
1.880000000000000004e-01 0.000000000000000000e+00
1.900000000000000022e-01 0.000000000000000000e+00
1.920000000000000040e-01 0.000000000000000000e+00
1.940000000000000058e-01 0.000000000000000000e+00
1.960000000000000075e-01 0.000000000000000000e+00
1.980000000000000093e-01 0.000000000000000000e+00
2.000000000000000111e-01 0.000000000000000000e+00
2.020000000000000129e-01 0.000000000000000000e+00
2.039999999999999869e-01 0.000000000000000000e+00
2.059999999999999887e-01 0.000000000000000000e+00
2.079999999999999905e-01 0.000000000000000000e+00
2.099999999999999922e-01 0.000000000000000000e+00
2.119999999999999940e-01 0.000000000000000000e+00
2.139999999999999958e-01 -8.476000000000002196e-04
2.159999999999999976e-01 -4.661799999999999798e-03
2.179999999999999993e-01 -1.847767999999999980e-02
2.200000000000000011e-01 -5.848440000000000583e-02
2.220000000000000029e-01 -1.509575600000000462e-01
2.240000000000000047e-01 -3.249698399999999543e-01
2.260000000000000064e-01 -6.062035199999999957e-01
2.280000000000000082e-01 -1.002202239999999911e+00
2.300000000000000100e-01 -1.500675800000000004e+00
2.320000000000000118e-01 -2.068228759999999777e+00
2.340000000000000135e-01 -2.660955439999999950e+00
2.359999999999999876e-01 -3.238679600000000214e+00
2.379999999999999893e-01 -3.771057160000000241e+00
2.399999999999999911e-01 -4.239864719999999920e+00
2.419999999999999929e-01 -4.634592040000000246e+00
2.439999999999999947e-01 -4.961596120000000276e+00
2.459999999999999964e-01 -5.223335000000000505e+00
2.479999999999999982e-01 -5.429301800000000178e+00
2.500000000000000000e-01 -5.590345799999999699e+00
2.520000000000000018e-01 -5.713374939999999569e+00
2.540000000000000036e-01 -5.808645180000000074e+00
2.560000000000000053e-01 -5.881454019999999616e+00
2.580000000000000071e-01 -5.937141339999999268e+00
2.600000000000000089e-01 -5.978292319999999549e+00
2.620000000000000107e-01 -6.007915939999998400e+00
2.640000000000000124e-01 -6.029148319999998229e+00
2.660000000000000142e-01 -6.042455640000000905e+00
2.680000000000000160e-01 -6.047710760000000185e+00
2.700000000000000178e-01 -6.044235599999998598e+00
2.720000000000000195e-01 -6.031691119999999628e+00
2.740000000000000213e-01 -6.008848300000000364e+00
2.760000000000000231e-01 -5.971045339999998980e+00
2.780000000000000249e-01 -5.918112720000000770e+00
2.800000000000000266e-01 -5.845091980000001186e+00
2.819999999999999729e-01 -5.749186039999999664e+00
2.839999999999999747e-01 -5.626834979999999931e+00
2.859999999999999765e-01 -5.474478880000000380e+00
2.879999999999999782e-01 -5.289829219999999665e+00
2.899999999999999800e-01 -5.073309799999998759e+00
2.919999999999999818e-01 -4.821699739999998791e+00
2.939999999999999836e-01 -4.538813239999999638e+00
2.959999999999999853e-01 -4.227913560000000182e+00
2.979999999999999871e-01 -3.893874400000000069e+00
2.999999999999999889e-01 -3.542247539999999528e+00
3.019999999999999907e-01 -3.181297079999999333e+00
3.039999999999999925e-01 -2.820219480000000001e+00
3.059999999999999942e-01 -2.468253579999999836e+00
3.079999999999999960e-01 -2.130527359999999426e+00
3.099999999999999978e-01 -1.816618699999999809e+00
3.119999999999999996e-01 -1.530807980000000068e+00
3.140000000000000013e-01 -1.273730899999999888e+00
3.160000000000000031e-01 -1.048650720000000147e+00
3.180000000000000049e-01 -8.570507400000002551e-01
3.200000000000000067e-01 -6.940148799999998896e-01
3.220000000000000084e-01 -5.589074399999998111e-01
3.240000000000000102e-01 -4.479989800000000466e-01
3.260000000000000120e-01 -3.594671599999998968e-01
3.280000000000000138e-01 -2.879297199999994450e-01
3.300000000000000155e-01 -2.325814400000000559e-01
3.320000000000000173e-01 -1.877010200000002738e-01
3.340000000000000191e-01 -1.528222800000000048e-01
3.360000000000000209e-01 -1.249362400000001705e-01
3.380000000000000226e-01 -1.033648200000001766e-01
3.400000000000000244e-01 -8.615854000000008894e-02
3.420000000000000262e-01 -7.234266000000033614e-02
3.439999999999999725e-01 -6.140861999999965015e-02
3.459999999999999742e-01 -5.225454000000002985e-02
3.479999999999999760e-01 -4.513470000000001370e-02
3.499999999999999778e-01 -3.886245999999991124e-02
3.519999999999999796e-01 -3.390399999999997582e-02
3.539999999999999813e-01 -2.996265999999989799e-02
3.559999999999999831e-01 -2.640273999999980317e-02
3.579999999999999849e-01 -2.296995999999982413e-02
3.599999999999999867e-01 -2.008812000000004261e-02
3.619999999999999885e-01 -1.847768000000016286e-02
3.639999999999999902e-01 -1.652820000000039188e-02
3.659999999999999920e-01 -1.500251999999981968e-02
3.679999999999999938e-01 -1.390064000000021914e-02
3.699999999999999956e-01 -1.330731999999992289e-02
3.719999999999999973e-01 -1.313780000000015422e-02
3.739999999999999991e-01 -1.347683999999995698e-02
3.760000000000000009e-01 -1.402777999999962368e-02
3.780000000000000027e-01 -1.542631999999999337e-02
3.800000000000000044e-01 -1.729104000000010119e-02
3.820000000000000062e-01 -2.085096000000010580e-02
3.840000000000000080e-01 -2.449564000000013092e-02
3.860000000000000098e-01 -2.941172000000005088e-02
3.880000000000000115e-01 -3.623489999999991718e-02
3.900000000000000133e-01 -4.411757999999980917e-02
3.920000000000000151e-01 -5.441592000000028406e-02
3.940000000000000169e-01 -6.683326000000019973e-02
3.960000000000000187e-01 -8.149674000000003971e-02
3.980000000000000204e-01 -9.840636000000006767e-02
4.000000000000000222e-01 -1.196387400000001600e-01
4.020000000000000240e-01 -1.453633999999999205e-01
4.040000000000000258e-01 -1.750717800000001212e-01
4.060000000000000275e-01 -2.099928999999997603e-01
4.079999999999999738e-01 -2.499572399999999139e-01
4.099999999999999756e-01 -2.968718999999999109e-01
4.119999999999999774e-01 -3.484483600000004566e-01
4.139999999999999791e-01 -4.076955999999999358e-01
4.159999999999999809e-01 -4.734269800000002748e-01
4.179999999999999827e-01 -5.452610799999997315e-01
4.199999999999999845e-01 -6.262492599999995857e-01
4.219999999999999862e-01 -7.144844199999995649e-01
4.239999999999999880e-01 -8.111108199999998991e-01
4.259999999999999898e-01 -9.136280400000004187e-01
4.279999999999999916e-01 -1.024070320000000534e+00
4.299999999999999933e-01 -1.140445799999999732e+00
4.319999999999999951e-01 -1.264449680000000242e+00
4.339999999999999969e-01 -1.395319120000000357e+00
4.359999999999999987e-01 -1.531867479999999837e+00
4.380000000000000004e-01 -1.674264279999999161e+00
4.400000000000000022e-01 -1.823229980000000028e+00
4.420000000000000040e-01 -1.974145160000000399e+00
4.440000000000000058e-01 -2.129764520000000161e+00
4.460000000000000075e-01 -2.287841920000000862e+00
4.480000000000000093e-01 -2.445368380000000563e+00
4.500000000000000111e-01 -2.606751419999999708e+00
4.520000000000000129e-01 -2.765083099999999128e+00
4.540000000000000147e-01 -2.923118120000000264e+00
4.560000000000000164e-01 -3.078398439999999958e+00
4.580000000000000182e-01 -3.230330740000000311e+00
4.600000000000000200e-01 -3.379423580000000982e+00
4.620000000000000218e-01 -3.520337079999999563e+00
4.640000000000000235e-01 -3.654045979999999361e+00
4.660000000000000253e-01 -3.778219379999999461e+00
4.680000000000000271e-01 -3.894976279999999402e+00
4.699999999999999734e-01 -4.003002899999998476e+00
4.719999999999999751e-01 -4.101112600000001329e+00
4.739999999999999769e-01 -4.185194519999998697e+00
4.759999999999999787e-01 -4.257791459999999972e+00
4.779999999999999805e-01 -4.318564379999999758e+00
4.799999999999999822e-01 -4.367089479999998858e+00
4.819999999999999840e-01 -4.401205379999998613e+00
4.839999999999999858e-01 -4.422353000000001089e+00
4.859999999999999876e-01 -4.432524199999999581e+00
4.879999999999999893e-01 -4.430574720000000077e+00
4.899999999999999911e-01 -4.411800379999999855e+00
4.919999999999999929e-01 -4.383871959999998680e+00
4.939999999999999947e-01 -4.345306160000000695e+00
4.959999999999999964e-01 -4.291610699999997891e+00
4.979999999999999982e-01 -4.229820660000000565e+00
5.000000000000000000e-01 -4.156333740000001775e+00
5.020000000000000018e-01 -4.073268940000000171e+00
5.040000000000000036e-01 -3.982024799999999143e+00
5.060000000000000053e-01 -3.884805080000000910e+00
5.080000000000000071e-01 -3.780253620000000758e+00
5.100000000000000089e-01 -3.669684200000001173e+00
5.120000000000000107e-01 -3.553817280000000522e+00
5.140000000000000124e-01 -3.432907139999998858e+00
5.160000000000000142e-01 -3.311954620000000737e+00
5.180000000000000160e-01 -3.186891239999999126e+00
5.200000000000000178e-01 -3.062675460000000349e+00
5.220000000000000195e-01 -2.936213539999999789e+00
5.240000000000000213e-01 -2.811955379999998783e+00
5.260000000000000231e-01 -2.687061520000001202e+00
5.280000000000000249e-01 -2.560345319999998814e+00
5.300000000000000266e-01 -2.438375680000000489e+00
5.320000000000000284e-01 -2.317974100000001147e+00
5.340000000000000302e-01 -2.200920540000000258e+00
5.360000000000000320e-01 -2.083782219999999352e+00
5.380000000000000338e-01 -1.973212799999999989e+00
5.400000000000000355e-01 -1.865864259999999941e+00
5.420000000000000373e-01 -1.762711339999999849e+00
5.440000000000000391e-01 -1.666084939999999959e+00
5.460000000000000409e-01 -1.571704680000000964e+00
5.480000000000000426e-01 -1.483723799999999482e+00
5.500000000000000444e-01 -1.401718499999998757e+00
5.520000000000000462e-01 -1.326324480000000250e+00
5.540000000000000480e-01 -1.255168460000000152e+00
5.560000000000000497e-01 -1.189988019999999036e+00
5.580000000000000515e-01 -1.129554140000001095e+00
5.600000000000000533e-01 -1.076621519999999332e+00
5.620000000000000551e-01 -1.031105399999998395e+00
5.639999999999999458e-01 -9.909715399999999841e-01
5.659999999999999476e-01 -9.553299599999995895e-01
5.679999999999999494e-01 -9.264267999999991066e-01
5.699999999999999512e-01 -9.017616399999998089e-01
5.719999999999999529e-01 -8.831992000000006282e-01
5.739999999999999547e-01 -8.677728799999997467e-01
5.759999999999999565e-01 -8.573050200000000842e-01
5.779999999999999583e-01 -8.498037599999992420e-01
5.799999999999999600e-01 -8.485747400000018814e-01
5.819999999999999618e-01 -8.514565800000006845e-01
5.839999999999999636e-01 -8.567540799999999734e-01
5.859999999999999654e-01 -8.639162999999999704e-01
5.879999999999999671e-01 -8.767150600000001015e-01
5.899999999999999689e-01 -8.924380400000000435e-01
5.919999999999999707e-01 -9.112971399999991728e-01
5.939999999999999725e-01 -9.318938200000002059e-01
5.959999999999999742e-01 -9.564742200000001526e-01
5.979999999999999760e-01 -9.827498200000004402e-01
5.999999999999999778e-01 -1.011568219999999574e+00
6.019999999999999796e-01 -1.040259479999998904e+00
6.039999999999999813e-01 -1.073146360000000410e+00
6.059999999999999831e-01 -1.106372279999999986e+00
6.079999999999999849e-01 -1.142183380000000081e+00
6.099999999999999867e-01 -1.180198240000000398e+00
6.119999999999999885e-01 -1.222705379999998954e+00
6.139999999999999902e-01 -1.263220660000002882e+00
6.159999999999999920e-01 -1.306363499999998679e+00
6.179999999999999938e-01 -1.346836399999999712e+00
6.199999999999999956e-01 -1.388877359999999950e+00
6.219999999999999973e-01 -1.430028340000000453e+00
6.239999999999999991e-01 -1.472493099999999888e+00
6.260000000000000009e-01 -1.517712559999998989e+00
6.280000000000000027e-01 -1.565220539999998994e+00
6.300000000000000044e-01 -1.610312860000001178e+00
6.320000000000000062e-01 -1.652311439999999632e+00
6.340000000000000080e-01 -1.697912319999996145e+00
6.360000000000000098e-01 -1.742877499999999191e+00
6.380000000000000115e-01 -1.786571279999998652e+00
6.400000000000000133e-01 -1.830858380000000452e+00
6.420000000000000151e-01 -1.873916460000000672e+00
6.440000000000000169e-01 -1.917398340000001866e+00
6.460000000000000187e-01 -1.959269780000001848e+00
6.480000000000000204e-01 -1.999106979999999867e+00
6.500000000000000222e-01 -2.038478000000000456e+00
6.520000000000000240e-01 -2.078442339999998723e+00
6.540000000000000258e-01 -2.116626720000002848e+00
6.560000000000000275e-01 -2.156124880000002353e+00
6.580000000000000293e-01 -2.196936820000001234e+00
6.600000000000000311e-01 -2.233595520000002832e+00
6.620000000000000329e-01 -2.265719560000000854e+00
6.640000000000000346e-01 -2.299326899999998286e+00
6.660000000000000364e-01 -2.330391439999998759e+00
6.680000000000000382e-01 -2.360989800000001360e+00
6.700000000000000400e-01 -2.387180640000001297e+00
6.720000000000000417e-01 -2.411718659999998238e+00
6.740000000000000435e-01 -2.435409080000000337e+00
6.760000000000000453e-01 -2.457573820000001241e+00
6.780000000000000471e-01 -2.478848580000000190e+00
6.800000000000000488e-01 -2.498512899999999259e+00
6.820000000000000506e-01 -2.513727319999999654e+00
6.840000000000000524e-01 -2.528348419999998153e+00
6.860000000000000542e-01 -2.543520459999998540e+00
6.879999999999999449e-01 -2.553437379999997425e+00
6.899999999999999467e-01 -2.560345319999999703e+00
6.919999999999999485e-01 -2.565981859999999504e+00
6.939999999999999503e-01 -2.570855560000001816e+00
6.959999999999999520e-01 -2.573610259999998817e+00
6.979999999999999538e-01 -2.577339699999997347e+00
6.999999999999999556e-01 -2.578907760000001215e+00
7.019999999999999574e-01 -2.575644500000001447e+00
7.039999999999999591e-01 -2.569838440000002944e+00
7.059999999999999609e-01 -2.562549080000000146e+00
7.079999999999999627e-01 -2.552462639999998117e+00
7.099999999999999645e-01 -2.538773900000001138e+00
7.119999999999999662e-01 -2.525466579999999794e+00
7.139999999999999680e-01 -2.507412699999998829e+00
7.159999999999999698e-01 -2.486858399999998248e+00
7.179999999999999716e-01 -2.466939800000000904e+00
7.199999999999999734e-01 -2.442147500000000804e+00
7.219999999999999751e-01 -2.418245180000000438e+00
7.239999999999999769e-01 -2.392605279999999279e+00
7.259999999999999787e-01 -2.365270180000000888e+00
7.279999999999999805e-01 -2.335180379999999722e+00
7.299999999999999822e-01 -2.303946320000000547e+00
7.319999999999999840e-01 -2.273729380000000244e+00
7.339999999999999858e-01 -2.240927259999999421e+00
7.359999999999999876e-01 -2.206218039999998215e+00
7.379999999999999893e-01 -2.172907360000002175e+00
7.399999999999999911e-01 -2.140698559999999251e+00
7.419999999999999929e-01 -2.109083080000000443e+00
7.439999999999999947e-01 -2.076365719999999637e+00
7.459999999999999964e-01 -2.040681760000002676e+00
7.479999999999999982e-01 -2.003684019999997012e+00
7.500000000000000000e-01 -1.968635759999997958e+00
7.520000000000000018e-01 -1.932019440000000587e+00
7.540000000000000036e-01 -1.899132559999999526e+00
7.560000000000000053e-01 -1.865864260000000829e+00
7.580000000000000071e-01 -1.831324559999998103e+00
7.600000000000000089e-01 -1.798607199999998629e+00
7.620000000000000107e-01 -1.766906960000000693e+00
7.640000000000000124e-01 -1.738639500000000115e+00
7.660000000000000142e-01 -1.708803979999998335e+00
7.680000000000000160e-01 -1.682062199999997842e+00
7.700000000000000178e-01 -1.661592659999996613e+00
7.720000000000000195e-01 -1.637351300000001730e+00
7.740000000000000213e-01 -1.613194700000003312e+00
7.760000000000000231e-01 -1.593784660000002962e+00
7.780000000000000249e-01 -1.572298000000002194e+00
7.800000000000000266e-01 -1.556151220000000945e+00
7.820000000000000284e-01 -1.541191079999997937e+00
7.840000000000000302e-01 -1.528222799999995329e+00
7.860000000000000320e-01 -1.517839700000003234e+00
7.880000000000000338e-01 -1.506058059999997978e+00
7.900000000000000355e-01 -1.496310660000000237e+00
7.920000000000000373e-01 -1.491013160000000726e+00
7.940000000000000391e-01 -1.486224220000000429e+00
7.960000000000000409e-01 -1.483300000000000507e+00
7.980000000000000426e-01 -1.483808559999999943e+00
8.000000000000000444e-01 -1.483681419999999918e+00
8.020000000000000462e-01 -1.486648019999993409e+00
8.040000000000000480e-01 -1.489826519999996934e+00
8.060000000000000497e-01 -1.495632579999998768e+00
8.080000000000000515e-01 -1.503939059999999772e+00
8.100000000000000533e-01 -1.512923620000001579e+00
8.120000000000000551e-01 -1.524747639999999738e+00
8.139999999999999458e-01 -1.538563519999996076e+00
8.159999999999999476e-01 -1.551913219999997207e+00
8.179999999999999494e-01 -1.567297160000003853e+00
8.199999999999999512e-01 -1.589419519999998531e+00
8.219999999999999529e-01 -1.608617659999997285e+00
8.239999999999999547e-01 -1.629553380000001495e+00
8.259999999999999565e-01 -1.649005800000000521e+00
8.279999999999999583e-01 -1.672230039999999418e+00
8.299999999999999600e-01 -1.694352399999999648e+00
8.319999999999999618e-01 -1.719610879999998954e+00
8.339999999999999636e-01 -1.744445559999999729e+00
8.359999999999999654e-01 -1.769958320000001972e+00
8.379999999999999671e-01 -1.796318680000001722e+00
8.399999999999999689e-01 -1.821577159999998141e+00
8.419999999999999707e-01 -1.847598479999996268e+00
8.439999999999999725e-01 -1.874297880000003191e+00
8.459999999999999742e-01 -1.902395820000002402e+00
8.479999999999999760e-01 -1.926086240000000727e+00
8.499999999999999778e-01 -1.949819040000004167e+00
8.519999999999999796e-01 -1.975119899999997042e+00
8.539999999999999813e-01 -2.006142059999997507e+00
8.559999999999999831e-01 -2.031400539999997257e+00
8.579999999999999849e-01 -2.054540019999997469e+00
8.599999999999999867e-01 -2.076747139999997493e+00
8.619999999999999885e-01 -2.101539439999998926e+00
8.639999999999999902e-01 -2.123577039999999361e+00
8.659999999999999920e-01 -2.147352219999994816e+00
8.679999999999999938e-01 -2.163838039999999019e+00
8.699999999999999956e-01 -2.178798179999999807e+00
8.719999999999999973e-01 -2.194266880000002029e+00
8.739999999999999991e-01 -2.207743719999998966e+00
8.760000000000000009e-01 -2.224187159999999608e+00
8.780000000000000027e-01 -2.232832680000000014e+00
8.800000000000000044e-01 -2.247241879999999803e+00
8.820000000000000062e-01 -2.257370699999996955e+00
8.840000000000000080e-01 -2.268516640000005857e+00
8.860000000000000098e-01 -2.281061119999996833e+00
8.880000000000000115e-01 -2.289537120000005643e+00
8.900000000000000133e-01 -2.299242140000001378e+00
8.920000000000000151e-01 -2.304793920000004270e+00
8.940000000000000169e-01 -2.308565740000003252e+00
8.960000000000000187e-01 -2.309837139999996403e+00
8.980000000000000204e-01 -2.309159060000001595e+00
9.000000000000000222e-01 -2.310303319999998273e+00
9.020000000000000240e-01 -2.310430460000000519e+00
9.040000000000000258e-01 -2.309413340000003423e+00
9.060000000000000275e-01 -2.307463859999997258e+00
9.080000000000000293e-01 -2.304242980000000607e+00
9.100000000000000311e-01 -2.299708320000001915e+00
9.120000000000000329e-01 -2.293478460000000219e+00
9.140000000000000346e-01 -2.285892439999999137e+00
9.160000000000000364e-01 -2.272500360000000885e+00
9.180000000000000382e-01 -2.261990120000007209e+00
9.200000000000000400e-01 -2.251522259999998887e+00
9.220000000000000417e-01 -2.241308680000004383e+00
9.240000000000000435e-01 -2.231603660000000211e+00
9.260000000000000453e-01 -2.218932039999999883e+00
9.280000000000000471e-01 -2.206472320000000487e+00
9.300000000000000488e-01 -2.194563539999999868e+00
9.320000000000000506e-01 -2.183078560000002888e+00
9.340000000000000524e-01 -2.170195039999997189e+00
9.360000000000000542e-01 -2.156167259999997921e+00
9.379999999999999449e-01 -2.145529879999998002e+00
9.399999999999999467e-01 -2.130315460000001160e+00
9.419999999999999485e-01 -2.116414820000000141e+00
9.439999999999999503e-01 -2.101030880000001932e+00
9.459999999999999520e-01 -2.088401639999999393e+00
9.479999999999999538e-01 -2.073568640000000407e+00
9.499999999999999556e-01 -2.062549839999999968e+00
9.519999999999999574e-01 -2.050302020000001058e+00
9.539999999999999591e-01 -2.038732279999997843e+00
9.559999999999999609e-01 -2.026865879999999898e+00
9.579999999999999627e-01 -2.013007620000000664e+00
9.599999999999999645e-01 -1.999318879999998355e+00
9.619999999999999662e-01 -1.986732020000000931e+00
9.639999999999999680e-01 -1.975797980000000065e+00
9.659999999999999698e-01 -1.965711540000000923e+00
9.679999999999999716e-01 -1.951514239999998734e+00
9.699999999999999734e-01 -1.938588339999999688e+00
9.719999999999999751e-01 -1.923840100000003828e+00
9.739999999999999769e-01 -1.917694999999999039e+00
9.759999999999999787e-01 -1.907650940000003459e+00
9.779999999999999805e-01 -1.897691640000005009e+00
9.799999999999999822e-01 -1.885994759999998438e+00
9.819999999999999840e-01 -1.877179720000000884e+00
9.839999999999999858e-01 -1.866330440000008695e+00
9.859999999999999876e-01 -1.854760699999997042e+00
9.879999999999999893e-01 -1.845903279999997482e+00
9.899999999999999911e-01 -1.838868200000003172e+00
9.919999999999999929e-01 -1.836410160000001124e+00
9.939999999999999947e-01 -1.832129780000001151e+00
9.959999999999999964e-01 -1.827256079999995064e+00
9.979999999999999982e-01 -1.821958580000008876e+00
1.000000000000000000e+00 -1.817551059999995333e+00
1.002000000000000002e+00 -1.814245420000004660e+00
1.004000000000000004e+00 -1.813736860000001672e+00
1.006000000000000005e+00 -1.810261699999996754e+00
1.008000000000000007e+00 -1.808269840000007012e+00
1.010000000000000009e+00 -1.805811799999994971e+00
1.012000000000000011e+00 -1.810176940000000956e+00
1.014000000000000012e+00 -1.808142700000010539e+00
1.016000000000000014e+00 -1.806956059999996089e+00
1.018000000000000016e+00 -1.805684659999994279e+00
1.020000000000000018e+00 -1.808269840000005457e+00
1.022000000000000020e+00 -1.806744160000002264e+00
1.024000000000000021e+00 -1.811956899999991322e+00
1.026000000000000023e+00 -1.813355440000005148e+00
1.028000000000000025e+00 -1.814118279999996641e+00
1.030000000000000027e+00 -1.815898239999998554e+00
1.032000000000000028e+00 -1.820263380000005871e+00
1.034000000000000030e+00 -1.822382380000001856e+00
1.036000000000000032e+00 -1.826874659999995654e+00
1.038000000000000034e+00 -1.831282179999993875e+00
1.040000000000000036e+00 -1.836537299999994932e+00
1.042000000000000037e+00 -1.843402859999997645e+00
1.044000000000000039e+00 -1.850014140000001861e+00
1.046000000000000041e+00 -1.855989720000005061e+00
1.048000000000000043e+00 -1.862982419999997363e+00
1.050000000000000044e+00 -1.872136499999999204e+00
1.052000000000000046e+00 -1.874679300000005266e+00
1.054000000000000048e+00 -1.881544859999991104e+00
1.056000000000000050e+00 -1.889681820000004064e+00
1.058000000000000052e+00 -1.893835059999992243e+00
1.060000000000000053e+00 -1.899810639999998330e+00
1.062000000000000055e+00 -1.907862839999992843e+00
1.064000000000000057e+00 -1.911677039999997829e+00
1.066000000000000059e+00 -1.923882480000000283e+00
1.068000000000000060e+00 -1.930748040000000332e+00
1.070000000000000062e+00 -1.937444079999997459e+00
1.072000000000000064e+00 -1.947530519999995047e+00
1.074000000000000066e+00 -1.956345559999991268e+00
1.076000000000000068e+00 -1.964185859999997730e+00
1.078000000000000069e+00 -1.972661860000010758e+00
1.080000000000000071e+00 -1.977789839999994026e+00
1.082000000000000073e+00 -1.985460620000003562e+00
1.084000000000000075e+00 -1.995335160000010433e+00
1.086000000000000076e+00 -1.998513659999994641e+00
1.088000000000000078e+00 -2.004107819999989992e+00
1.090000000000000080e+00 -2.011778599999999528e+00
1.092000000000000082e+00 -2.019746039999998466e+00
1.094000000000000083e+00 -2.024280699999991384e+00
1.096000000000000085e+00 -2.029747719999994704e+00
1.098000000000000087e+00 -2.034918079999999740e+00
1.100000000000000089e+00 -2.038181340000002617e+00
1.102000000000000091e+00 -2.041698880000001104e+00
1.104000000000000092e+00 -2.045640220000004117e+00
1.106000000000000094e+00 -2.048140639999991297e+00
1.108000000000000096e+00 -2.055218100000004711e+00
1.110000000000000098e+00 -2.055557139999999006e+00
1.112000000000000099e+00 -2.055811419999997725e+00
1.114000000000000101e+00 -2.054879060000007307e+00
1.116000000000000103e+00 -2.054243360000000962e+00
1.118000000000000105e+00 -2.051742939999999571e+00
1.120000000000000107e+00 -2.050386779999999298e+00
1.122000000000000108e+00 -2.048649199999997172e+00
1.124000000000000110e+00 -2.049751079999992953e+00
1.125999999999999890e+00 -2.052124359999993430e+00
1.127999999999999892e+00 -2.052378640000006360e+00
1.129999999999999893e+00 -2.050344399999997513e+00
1.131999999999999895e+00 -2.049200140000002168e+00
1.133999999999999897e+00 -2.042334579999990574e+00
1.135999999999999899e+00 -2.041953160000002931e+00
1.137999999999999901e+00 -2.035384260000003387e+00
1.139999999999999902e+00 -2.031993860000014251e+00
1.141999999999999904e+00 -2.027713480000002733e+00
1.143999999999999906e+00 -2.022627879999999045e+00
1.145999999999999908e+00 -2.020169839999996775e+00
1.147999999999999909e+00 -2.016228500000011081e+00
1.149999999999999911e+00 -2.014829960000000142e+00
1.151999999999999913e+00 -2.013092380000003345e+00
1.153999999999999915e+00 -2.007159179999999488e+00
1.155999999999999917e+00 -2.007879640000001409e+00
1.157999999999999918e+00 -2.008727240000004688e+00
1.159999999999999920e+00 -2.003684020000000121e+00
1.161999999999999922e+00 -1.996648940000005812e+00
1.163999999999999924e+00 -1.990673360000002390e+00
1.165999999999999925e+00 -1.983553519999995185e+00
1.167999999999999927e+00 -1.977493179999999073e+00
1.169999999999999929e+00 -1.975882739999994531e+00
1.171999999999999931e+00 -1.969356220000000324e+00
1.173999999999999932e+00 -1.964652039999995825e+00
1.175999999999999934e+00 -1.963380639999999788e+00
1.177999999999999936e+00 -1.957744099999999321e+00
1.179999999999999938e+00 -1.954057040000003465e+00
1.181999999999999940e+00 -1.953590860000002705e+00
1.183999999999999941e+00 -1.954226559999997948e+00
1.185999999999999943e+00 -1.949522379999999000e+00
1.187999999999999945e+00 -1.943928220000000762e+00
1.189999999999999947e+00 -1.942402540000003341e+00
1.191999999999999948e+00 -1.940961619999995946e+00
1.193999999999999950e+00 -1.940114020000004214e+00
1.195999999999999952e+00 -1.939986880000000635e+00
1.197999999999999954e+00 -1.937274560000005863e+00
1.199999999999999956e+00 -1.934392719999996846e+00
1.201999999999999957e+00 -1.934519859999991764e+00
1.203999999999999959e+00 -1.932358479999999101e+00
1.205999999999999961e+00 -1.933121319999989485e+00
1.207999999999999963e+00 -1.930959939999999708e+00
1.209999999999999964e+00 -1.933036559999996573e+00
1.211999999999999966e+00 -1.934223199999999476e+00
1.213999999999999968e+00 -1.939435940000001413e+00
1.215999999999999970e+00 -1.940029259999997091e+00
1.217999999999999972e+00 -1.941385419999997364e+00
1.219999999999999973e+00 -1.945114860000012325e+00
1.221999999999999975e+00 -1.947657659999984414e+00
1.223999999999999977e+00 -1.941470180000007373e+00
1.225999999999999979e+00 -1.942529680000009806e+00
1.227999999999999980e+00 -1.943928219999997875e+00
1.229999999999999982e+00 -1.945792939999986926e+00
1.231999999999999984e+00 -1.946216740000008327e+00
1.233999999999999986e+00 -1.947530520000000820e+00
1.235999999999999988e+00 -1.946767679999999334e+00
1.237999999999999989e+00 -1.950115700000003560e+00
1.239999999999999991e+00 -1.946174359999994774e+00
1.241999999999999993e+00 -1.948123840000005158e+00
1.243999999999999995e+00 -1.947954319999990913e+00
1.245999999999999996e+00 -1.953209439999994856e+00
1.247999999999999998e+00 -1.953590860000005591e+00
1.250000000000000000e+00 -1.953675620000001389e+00
1.252000000000000002e+00 -1.958591699999993718e+00
1.254000000000000004e+00 -1.967915300000007139e+00
1.256000000000000005e+00 -1.976306539999998835e+00
1.258000000000000007e+00 -1.975628459999975828e+00
1.260000000000000009e+00 -1.980205499999999619e+00
1.262000000000000011e+00 -1.979866459999990891e+00
1.264000000000000012e+00 -1.986901539999993860e+00
1.266000000000000014e+00 -1.992241420000021801e+00
1.268000000000000016e+00 -1.994614699999999630e+00
1.270000000000000018e+00 -2.000378379999992351e+00
1.272000000000000020e+00 -2.003768779999989924e+00
1.274000000000000021e+00 -2.008472960000014407e+00
1.276000000000000023e+00 -2.013007619999996223e+00
1.278000000000000025e+00 -2.021526000000000156e+00
1.280000000000000027e+00 -2.019576520000009534e+00
1.282000000000000028e+00 -2.024323080000002051e+00
1.284000000000000030e+00 -2.028094900000010803e+00
1.286000000000000032e+00 -2.028433940000001989e+00
1.288000000000000034e+00 -2.030383419999992611e+00
1.290000000000000036e+00 -2.026611599999981195e+00
1.292000000000000037e+00 -2.022712639999988848e+00
1.294000000000000039e+00 -2.022966919999999114e+00
1.296000000000000041e+00 -2.019322239999985502e+00
1.298000000000000043e+00 -2.019915559999975407e+00
1.300000000000000044e+00 -2.022627879999987499e+00
1.302000000000000046e+00 -2.018389880000012404e+00
1.304000000000000048e+00 -2.014872339999976614e+00
1.306000000000000050e+00 -2.011354800000014986e+00
1.308000000000000052e+00 -2.010930999999999358e+00
1.310000000000000053e+00 -2.012371919999986769e+00
1.312000000000000055e+00 -2.013049999999998452e+00
1.314000000000000057e+00 -2.012117640000002261e+00
1.316000000000000059e+00 -2.011015760000009145e+00
1.318000000000000060e+00 -2.010591959999993517e+00
1.320000000000000062e+00 -2.012075260000011578e+00
1.322000000000000064e+00 -2.013473799999991432e+00
1.324000000000000066e+00 -2.008176300000019232e+00
1.326000000000000068e+00 -2.005633500000010283e+00
1.328000000000000069e+00 -2.000505520000018578e+00
1.330000000000000071e+00 -1.992156660000006241e+00
1.332000000000000073e+00 -1.986181080000000154e+00
1.334000000000000075e+00 -1.986732019999999377e+00
1.336000000000000076e+00 -1.987664379999995345e+00
1.338000000000000078e+00 -1.987621999999993339e+00
1.340000000000000080e+00 -1.987071059999999445e+00
1.342000000000000082e+00 -1.986053939999999240e+00
1.344000000000000083e+00 -1.986816779999992288e+00
1.346000000000000085e+00 -1.984019700000021702e+00
1.348000000000000087e+00 -1.984316360000013990e+00
1.350000000000000089e+00 -1.981307380000015383e+00
1.352000000000000091e+00 -1.975077520000013465e+00
1.354000000000000092e+00 -1.977874600000006922e+00
1.356000000000000094e+00 -1.978595059999992190e+00
1.358000000000000096e+00 -1.977450799999991293e+00
1.360000000000000098e+00 -1.975247040000005061e+00
1.362000000000000099e+00 -1.975331799999997973e+00
1.364000000000000101e+00 -1.975797980000004284e+00
1.366000000000000103e+00 -1.973467079999988938e+00
1.368000000000000105e+00 -1.971559980000000767e+00
1.370000000000000107e+00 -1.973594219999989630e+00
1.372000000000000108e+00 -1.970797140000007719e+00
1.374000000000000110e+00 -1.971432840000011399e+00
1.375999999999999890e+00 -1.969864780000000426e+00
1.377999999999999892e+00 -1.968423859999995695e+00
1.379999999999999893e+00 -1.969822399999975548e+00
1.381999999999999895e+00 -1.966304859999985499e+00
1.383999999999999897e+00 -1.963380640000013999e+00
1.385999999999999899e+00 -1.961134500000002889e+00
1.387999999999999901e+00 -1.964906319999988771e+00
1.389999999999999902e+00 -1.962236379999990232e+00
1.391999999999999904e+00 -1.966135339999999676e+00
1.393999999999999906e+00 -1.965372500000017952e+00
1.395999999999999908e+00 -1.963719679999996970e+00
1.397999999999999909e+00 -1.965118219999993698e+00
1.399999999999999911e+00 -1.966516759999996200e+00
1.401999999999999913e+00 -1.967449120000009044e+00
1.403999999999999915e+00 -1.968084819999984303e+00
1.405999999999999917e+00 -1.962066860000021506e+00
1.407999999999999918e+00 -1.964567280000011351e+00
1.409999999999999920e+00 -1.966516760000001751e+00
1.411999999999999922e+00 -1.966389619999995286e+00
1.413999999999999924e+00 -1.966262480000005919e+00
1.415999999999999925e+00 -1.961388780000004273e+00
1.417999999999999927e+00 -1.965287740000013716e+00
1.419999999999999929e+00 -1.959481679999999004e+00
1.421999999999999931e+00 -1.958591699999993718e+00
1.423999999999999932e+00 -1.960456420000019850e+00
1.425999999999999934e+00 -1.958888359999991780e+00
1.427999999999999936e+00 -1.955879380000004719e+00
1.429999999999999938e+00 -1.951726139999982568e+00
1.431999999999999940e+00 -1.948929059999983338e+00
1.433999999999999941e+00 -1.944309640000000172e+00
1.435999999999999943e+00 -1.951259959999998683e+00
1.437999999999999945e+00 -1.949140959999999811e+00
1.439999999999999947e+00 -1.949479999999999880e+00
1.441999999999999948e+00 -1.951980419999989724e+00
1.443999999999999950e+00 -1.950200459999990699e+00
1.445999999999999952e+00 -1.949395239999995422e+00
1.447999999999999954e+00 -1.945750559999987583e+00
1.449999999999999956e+00 -1.944012979999996560e+00
1.451999999999999957e+00 -1.939139279999972043e+00
1.453999999999999959e+00 -1.934011299999997435e+00
1.455999999999999961e+00 -1.940410679999990951e+00
1.457999999999999963e+00 -1.943165380000004827e+00
1.459999999999999964e+00 -1.934519860000005975e+00
1.461999999999999966e+00 -1.936850759999987348e+00
1.463999999999999968e+00 -1.933163699999994378e+00
1.465999999999999970e+00 -1.932824659999994310e+00
1.467999999999999972e+00 -1.932188959999990630e+00
1.469999999999999973e+00 -1.930324239999998692e+00
1.471999999999999975e+00 -1.932146579999988401e+00
1.473999999999999977e+00 -1.929730920000003014e+00
1.475999999999999979e+00 -1.934307960000001048e+00
1.477999999999999980e+00 -1.936808380000002217e+00
1.479999999999999982e+00 -1.941936359999999695e+00
1.481999999999999984e+00 -1.943207760000007056e+00
1.483999999999999986e+00 -1.948335739999987437e+00
1.485999999999999988e+00 -1.950624260000000776e+00
1.487999999999999989e+00 -1.948420500000003219e+00
1.489999999999999991e+00 -1.950200459999990699e+00
1.491999999999999993e+00 -1.952658499999995412e+00
1.493999999999999995e+00 -1.950200459999996472e+00
1.495999999999999996e+00 -1.947021959999989393e+00
1.497999999999999998e+00 -1.945920080000013375e+00
1.500000000000000000e+00 -1.944606299999998011e+00
1.502000000000000002e+00 -1.938715479999984836e+00
1.504000000000000004e+00 -1.940368300000022916e+00
1.506000000000000005e+00 -1.941300659999990241e+00
1.508000000000000007e+00 -1.940283540000007134e+00
1.510000000000000009e+00 -1.935367460000003259e+00
1.512000000000000011e+00 -1.934096060000001671e+00
1.514000000000000012e+00 -1.939944500000001515e+00
1.516000000000000014e+00 -1.938418819999992548e+00
1.518000000000000016e+00 -1.938969759999991993e+00
1.520000000000000018e+00 -1.943038239999987038e+00
1.522000000000000020e+00 -1.944987720000000309e+00
1.524000000000000021e+00 -1.947488139999990153e+00
1.526000000000000023e+00 -1.946894820000000026e+00
1.528000000000000025e+00 -1.953421339999999784e+00
1.530000000000000027e+00 -1.954947020000008751e+00
1.532000000000000028e+00 -1.955667480000005343e+00
1.534000000000000030e+00 -1.960371659999998517e+00
1.536000000000000032e+00 -1.968127200000014954e+00
1.538000000000000034e+00 -1.971729500000003465e+00
1.540000000000000036e+00 -1.975247040000010612e+00
1.542000000000000037e+00 -1.980459780000001002e+00
1.544000000000000039e+00 -1.984189220000007525e+00
1.546000000000000041e+00 -1.993300919999990040e+00
1.548000000000000043e+00 -1.997072740000004343e+00
1.550000000000000044e+00 -2.004531619999977643e+00
1.552000000000000046e+00 -2.009574839999982210e+00
1.554000000000000048e+00 -2.016440400000016009e+00
1.556000000000000050e+00 -2.013982359999971550e+00
1.558000000000000052e+00 -2.016143740000023943e+00
1.560000000000000053e+00 -2.015719939999979893e+00
1.562000000000000055e+00 -2.019576519999986886e+00
1.564000000000000057e+00 -2.019703660000004675e+00
1.566000000000000059e+00 -2.022585499999996816e+00
1.568000000000000060e+00 -2.027120159999987070e+00
1.570000000000000062e+00 -2.026442079999986934e+00
1.572000000000000064e+00 -2.028433940000013536e+00
1.574000000000000066e+00 -2.032120999999983635e+00
1.576000000000000068e+00 -2.035341879999998493e+00
1.578000000000000069e+00 -2.038393239999999107e+00
1.580000000000000071e+00 -2.040173200000020781e+00
1.582000000000000073e+00 -2.043394080000001445e+00
1.584000000000000075e+00 -2.043860259999996654e+00
1.586000000000000076e+00 -2.041910779999983383e+00
1.588000000000000078e+00 -2.038520379999982701e+00
1.590000000000000080e+00 -2.036782800000008997e+00
1.592000000000000082e+00 -2.036147099999987997e+00
1.594000000000000083e+00 -2.038901799999984998e+00
1.596000000000000085e+00 -2.031103880000011852e+00
1.598000000000000087e+00 -2.032544799999988161e+00
1.600000000000000089e+00 -2.030637699999982893e+00
1.602000000000000091e+00 -2.028094899999996592e+00
1.604000000000000092e+00 -2.022670260000012377e+00
1.606000000000000094e+00 -2.020296980000023446e+00
1.608000000000000096e+00 -2.017076100000008587e+00
1.610000000000000098e+00 -2.016991339999981481e+00
1.612000000000000099e+00 -2.011693840000020828e+00
1.614000000000000101e+00 -2.009659600000014645e+00
1.616000000000000103e+00 -2.008642479999986019e+00
1.618000000000000105e+00 -2.007371080000018626e+00
1.620000000000000107e+00 -2.005124939999990197e+00
1.622000000000000108e+00 -2.005463980000018687e+00
1.624000000000000110e+00 -2.002963560000006193e+00
1.625999999999999890e+00 -2.008091539999997899e+00
1.627999999999999892e+00 -2.002073579999966935e+00
1.629999999999999893e+00 -1.996521799999959601e+00
1.631999999999999895e+00 -1.998852699999997595e+00
1.633999999999999897e+00 -1.994657080000001859e+00
1.635999999999999899e+00 -1.992792359999998597e+00
1.637999999999999901e+00 -1.985672519999991392e+00
1.639999999999999902e+00 -1.980375019999974118e+00
1.641999999999999904e+00 -1.976942240000005402e+00
1.643999999999999906e+00 -1.973636599999986085e+00
1.645999999999999908e+00 -1.970458099999996104e+00
1.647999999999999909e+00 -1.966813419999994039e+00
1.649999999999999911e+00 -1.961431159999995177e+00
1.651999999999999913e+00 -1.957150780000006307e+00
1.653999999999999915e+00 -1.948250980000011623e+00
1.655999999999999917e+00 -1.944012979999979462e+00
1.657999999999999918e+00 -1.938927380000006861e+00
1.659999999999999920e+00 -1.929688540000006558e+00
1.661999999999999922e+00 -1.926340519999985235e+00
1.663999999999999924e+00 -1.927781439999989743e+00
1.665999999999999925e+00 -1.925577679999992187e+00
1.667999999999999927e+00 -1.926255759999980999e+00
1.669999999999999929e+00 -1.928078099999982031e+00
1.671999999999999931e+00 -1.927145739999968965e+00
1.673999999999999932e+00 -1.927442400000006772e+00
1.675999999999999934e+00 -1.922950120000007201e+00
1.677999999999999936e+00 -1.920280179999963366e+00
1.679999999999999938e+00 -1.918500219999975887e+00
1.681999999999999940e+00 -1.916889779999996879e+00
1.683999999999999941e+00 -1.911507519999986471e+00
1.685999999999999943e+00 -1.911041340000031230e+00
1.687999999999999945e+00 -1.909176619999982449e+00
1.689999999999999947e+00 -1.915533619999996606e+00
1.691999999999999948e+00 -1.921593959999995604e+00
1.693999999999999950e+00 -1.927696680000042351e+00
1.695999999999999952e+00 -1.928374759999985644e+00
1.697999999999999954e+00 -1.936808379999990892e+00
1.699999999999999956e+00 -1.944521539999982451e+00
1.701999999999999957e+00 -1.947615280000047688e+00
1.703999999999999959e+00 -1.950709020000044758e+00
1.705999999999999961e+00 -1.949056199999995354e+00
1.707999999999999963e+00 -1.948674779999976181e+00
1.709999999999999964e+00 -1.952955159999976376e+00
1.711999999999999966e+00 -1.955794619999983386e+00
1.713999999999999968e+00 -1.953717999999946553e+00
1.715999999999999970e+00 -1.952361840000003124e+00
1.717999999999999972e+00 -1.957871240000008672e+00
1.719999999999999973e+00 -1.958210280000014292e+00
1.721999999999999975e+00 -1.956981259999986289e+00
1.723999999999999977e+00 -1.954904639999983873e+00
1.725999999999999979e+00 -1.949480000000005431e+00
1.727999999999999980e+00 -1.953717999999969424e+00
1.729999999999999982e+00 -1.954311319999999297e+00
1.731999999999999984e+00 -1.962151619999985996e+00
1.733999999999999986e+00 -1.971644740000044749e+00
1.735999999999999988e+00 -1.975713220000011372e+00
1.737999999999999989e+00 -1.983002579999993076e+00
1.739999999999999991e+00 -1.987664379999989794e+00
1.741999999999999993e+00 -1.986435359999984440e+00
1.743999999999999995e+00 -1.987071059999982570e+00
1.745999999999999996e+00 -1.992283800000029803e+00
1.747999999999999998e+00 -1.993428059999973856e+00
1.750000000000000000e+00 -1.998767940000016008e+00
1.752000000000000002e+00 -1.997581300000001558e+00
1.754000000000000004e+00 -2.000251240000056718e+00
1.756000000000000005e+00 -1.995080880000011714e+00
1.758000000000000007e+00 -1.995758960000011850e+00
1.760000000000000009e+00 -2.001268360000017399e+00
1.762000000000000011e+00 -2.010337680000009009e+00
1.764000000000000012e+00 -2.010719099999982884e+00
1.766000000000000014e+00 -2.015550419999999399e+00
1.768000000000000016e+00 -2.009235799999999017e+00
1.770000000000000018e+00 -2.005506360000026689e+00
1.772000000000000020e+00 -2.002455000000009200e+00
1.774000000000000021e+00 -1.997157500000003028e+00
1.776000000000000023e+00 -1.990334319999976787e+00
1.778000000000000025e+00 -1.982282120000002035e+00
1.780000000000000027e+00 -1.973170420000019520e+00
1.782000000000000028e+00 -1.973721360000024516e+00
1.784000000000000030e+00 -1.964482520000035537e+00
1.786000000000000032e+00 -1.963041600000019482e+00
1.788000000000000034e+00 -1.964101099999993494e+00
1.790000000000000036e+00 -1.961854960000016579e+00
1.792000000000000037e+00 -1.960710700000015461e+00
1.794000000000000039e+00 -1.959269779999999628e+00
1.796000000000000041e+00 -1.959354540000015188e+00
1.798000000000000043e+00 -1.959608819999993923e+00
1.800000000000000044e+00 -1.954904639999995197e+00
1.802000000000000046e+00 -1.948250979999977428e+00
1.804000000000000048e+00 -1.939647839999986356e+00
1.806000000000000050e+00 -1.933333219999963104e+00
1.808000000000000052e+00 -1.935070800000016744e+00
1.810000000000000053e+00 -1.935494599999969978e+00
1.812000000000000055e+00 -1.935791259999996239e+00
1.814000000000000057e+00 -1.940410679999968080e+00
1.816000000000000059e+00 -1.943758700000000728e+00
1.818000000000000060e+00 -1.942021119999992607e+00
1.820000000000000062e+00 -1.944436780000000864e+00
1.822000000000000064e+00 -1.946810060000018439e+00
1.824000000000000066e+00 -1.948166219999996063e+00
1.826000000000000068e+00 -1.950327600000002715e+00
1.828000000000000069e+00 -1.955201299999998810e+00
1.830000000000000071e+00 -1.958506940000006580e+00
1.832000000000000073e+00 -1.961388779999958754e+00
1.834000000000000075e+00 -1.966432000000031710e+00
1.836000000000000076e+00 -1.966728659999978479e+00
1.838000000000000078e+00 -1.972449959999971636e+00
1.840000000000000080e+00 -1.975247040000021936e+00
1.842000000000000082e+00 -1.979188380000004965e+00
1.844000000000000083e+00 -1.985163959999988403e+00
1.846000000000000085e+00 -1.985460619999958043e+00
1.848000000000000087e+00 -1.980332639999971889e+00
1.850000000000000089e+00 -1.985799659999986533e+00
1.852000000000000091e+00 -1.987961040000004731e+00
1.854000000000000092e+00 -1.979824080000003095e+00
1.856000000000000094e+00 -1.975077519999979270e+00
1.858000000000000096e+00 -1.975967500000012977e+00
1.860000000000000098e+00 -1.981222619999982726e+00
1.862000000000000099e+00 -1.980756439999993290e+00
1.864000000000000101e+00 -1.988384840000003262e+00
1.866000000000000103e+00 -1.983384000000000924e+00
1.868000000000000105e+00 -1.988554359999989085e+00
1.870000000000000107e+00 -1.987028679999991665e+00
1.872000000000000108e+00 -1.985460620000003562e+00
1.874000000000000110e+00 -1.985842039999977215e+00
1.875999999999999890e+00 -1.984824920000028303e+00
1.877999999999999892e+00 -1.978891720000001353e+00
1.879999999999999893e+00 -1.979824079999980224e+00
1.881999999999999895e+00 -1.983680659999970342e+00
1.883999999999999897e+00 -1.981307379999986962e+00
1.885999999999999899e+00 -1.976348920000009501e+00
1.887999999999999901e+00 -1.969144319999975412e+00
1.889999999999999902e+00 -1.966431999999997515e+00
1.891999999999999904e+00 -1.967618640000046160e+00
1.893999999999999906e+00 -1.964185859999986405e+00
1.895999999999999908e+00 -1.954523219999987349e+00
1.897999999999999909e+00 -1.945157239999991905e+00
1.899999999999999911e+00 -1.941343039999981146e+00
1.901999999999999913e+00 -1.939012140000022644e+00
1.903999999999999915e+00 -1.933417980000001535e+00
1.905999999999999917e+00 -1.931595640000000502e+00
1.907999999999999918e+00 -1.932358479999970680e+00
1.909999999999999920e+00 -1.935028419999980542e+00
1.911999999999999922e+00 -1.940834480000012352e+00
1.913999999999999924e+00 -1.948929059999989111e+00
1.915999999999999925e+00 -1.949056200000006900e+00
1.917999999999999927e+00 -1.951217580000002227e+00
1.919999999999999929e+00 -1.954735119999986726e+00
1.921999999999999931e+00 -1.957362679999994359e+00
1.923999999999999932e+00 -1.964609660000019131e+00
1.925999999999999934e+00 -1.968339099999991459e+00
1.927999999999999936e+00 -1.972322819999999366e+00
1.929999999999999938e+00 -1.977535559999989756e+00
1.931999999999999940e+00 -1.986477739999986669e+00
1.933999999999999941e+00 -1.994911360000025891e+00
1.935999999999999943e+00 -2.001819300000010848e+00
1.937999999999999945e+00 -2.002921180000009738e+00
1.939999999999999947e+00 -2.013261899999997606e+00
1.941999999999999948e+00 -2.026018279999993954e+00
1.943999999999999950e+00 -2.033519539999986137e+00
1.945999999999999952e+00 -2.043097419999980957e+00
1.947999999999999954e+00 -2.046318299999916324e+00
1.949999999999999956e+00 -2.046699719999958145e+00
1.951999999999999957e+00 -2.057464239999990063e+00
1.953999999999999959e+00 -2.061702240000033548e+00
1.955999999999999961e+00 -2.060897020000004520e+00
1.957999999999999963e+00 -2.065982619999988223e+00
1.959999999999999964e+00 -2.072000579999973890e+00
