1.000000000000000021e-03 0.000000000000000000e+00
3.000000000000000062e-03 0.000000000000000000e+00
5.000000000000000104e-03 0.000000000000000000e+00
7.000000000000000146e-03 0.000000000000000000e+00
9.000000000000001055e-03 0.000000000000000000e+00
1.099999999999999936e-02 0.000000000000000000e+00
1.300000000000000114e-02 0.000000000000000000e+00
1.499999999999999944e-02 0.000000000000000000e+00
1.699999999999999775e-02 0.000000000000000000e+00
1.899999999999999953e-02 0.000000000000000000e+00
2.099999999999999784e-02 0.000000000000000000e+00
2.299999999999999961e-02 0.000000000000000000e+00
2.499999999999999792e-02 0.000000000000000000e+00
2.699999999999999969e-02 0.000000000000000000e+00
2.899999999999999800e-02 0.000000000000000000e+00
3.099999999999999978e-02 0.000000000000000000e+00
3.300000000000000155e-02 0.000000000000000000e+00
3.499999999999999639e-02 0.000000000000000000e+00
3.699999999999999817e-02 0.000000000000000000e+00
3.899999999999999994e-02 0.000000000000000000e+00
4.100000000000000172e-02 0.000000000000000000e+00
4.299999999999999656e-02 0.000000000000000000e+00
4.499999999999999833e-02 0.000000000000000000e+00
4.700000000000000011e-02 0.000000000000000000e+00
4.900000000000000189e-02 0.000000000000000000e+00
5.099999999999999672e-02 0.000000000000000000e+00
5.299999999999999850e-02 0.000000000000000000e+00
5.500000000000000028e-02 0.000000000000000000e+00
5.700000000000000205e-02 0.000000000000000000e+00
5.899999999999999689e-02 0.000000000000000000e+00
6.099999999999999867e-02 0.000000000000000000e+00
6.300000000000000044e-02 0.000000000000000000e+00
6.500000000000000222e-02 0.000000000000000000e+00
6.700000000000000400e-02 0.000000000000000000e+00
6.900000000000000577e-02 0.000000000000000000e+00
7.099999999999999367e-02 0.000000000000000000e+00
7.299999999999999545e-02 0.000000000000000000e+00
7.499999999999999722e-02 0.000000000000000000e+00
7.699999999999999900e-02 0.000000000000000000e+00
7.900000000000000078e-02 0.000000000000000000e+00
8.100000000000000255e-02 0.000000000000000000e+00
8.300000000000000433e-02 0.000000000000000000e+00
8.499999999999999223e-02 0.000000000000000000e+00
8.699999999999999400e-02 0.000000000000000000e+00
8.899999999999999578e-02 0.000000000000000000e+00
9.099999999999999756e-02 0.000000000000000000e+00
9.299999999999999933e-02 0.000000000000000000e+00
9.500000000000000111e-02 0.000000000000000000e+00
9.700000000000000289e-02 0.000000000000000000e+00
9.900000000000000466e-02 0.000000000000000000e+00
1.009999999999999926e-01 0.000000000000000000e+00
1.029999999999999943e-01 0.000000000000000000e+00
1.049999999999999961e-01 0.000000000000000000e+00
1.069999999999999979e-01 0.000000000000000000e+00
1.089999999999999997e-01 0.000000000000000000e+00
1.110000000000000014e-01 0.000000000000000000e+00
1.130000000000000032e-01 0.000000000000000000e+00
1.150000000000000050e-01 0.000000000000000000e+00
1.169999999999999929e-01 0.000000000000000000e+00
1.189999999999999947e-01 0.000000000000000000e+00
1.209999999999999964e-01 0.000000000000000000e+00
1.229999999999999982e-01 0.000000000000000000e+00
1.250000000000000000e-01 0.000000000000000000e+00
1.270000000000000018e-01 0.000000000000000000e+00
1.290000000000000036e-01 0.000000000000000000e+00
1.310000000000000053e-01 0.000000000000000000e+00
1.330000000000000071e-01 0.000000000000000000e+00
1.350000000000000089e-01 0.000000000000000000e+00
1.370000000000000107e-01 0.000000000000000000e+00
1.390000000000000124e-01 0.000000000000000000e+00
1.409999999999999865e-01 0.000000000000000000e+00
1.429999999999999882e-01 0.000000000000000000e+00
1.449999999999999900e-01 0.000000000000000000e+00
1.469999999999999918e-01 0.000000000000000000e+00
1.489999999999999936e-01 0.000000000000000000e+00
1.509999999999999953e-01 0.000000000000000000e+00
1.529999999999999971e-01 0.000000000000000000e+00
1.549999999999999989e-01 0.000000000000000000e+00
1.570000000000000007e-01 0.000000000000000000e+00
1.590000000000000024e-01 0.000000000000000000e+00
1.610000000000000042e-01 0.000000000000000000e+00
1.630000000000000060e-01 0.000000000000000000e+00
1.650000000000000078e-01 0.000000000000000000e+00
1.670000000000000095e-01 0.000000000000000000e+00
1.690000000000000113e-01 0.000000000000000000e+00
1.709999999999999853e-01 0.000000000000000000e+00
1.729999999999999871e-01 0.000000000000000000e+00
1.749999999999999889e-01 0.000000000000000000e+00
1.769999999999999907e-01 0.000000000000000000e+00
1.789999999999999925e-01 0.000000000000000000e+00
1.809999999999999942e-01 0.000000000000000000e+00
1.829999999999999960e-01 0.000000000000000000e+00
1.849999999999999978e-01 0.000000000000000000e+00
1.869999999999999996e-01 0.000000000000000000e+00
1.890000000000000013e-01 0.000000000000000000e+00
1.910000000000000031e-01 0.000000000000000000e+00
1.930000000000000049e-01 0.000000000000000000e+00
1.950000000000000067e-01 0.000000000000000000e+00
1.970000000000000084e-01 0.000000000000000000e+00
1.990000000000000102e-01 0.000000000000000000e+00
2.010000000000000120e-01 0.000000000000000000e+00
2.029999999999999860e-01 0.000000000000000000e+00
2.049999999999999878e-01 0.000000000000000000e+00
2.069999999999999896e-01 0.000000000000000000e+00
2.089999999999999913e-01 0.000000000000000000e+00
2.109999999999999931e-01 0.000000000000000000e+00
2.129999999999999949e-01 -7.433474936889203910e-01
2.149999999999999967e-01 -3.283119437215289871e+00
2.169999999999999984e-01 -1.167398752980767718e+01
2.190000000000000002e-01 -3.318981696009983295e+01
2.210000000000000020e-01 -7.533404576753004278e+01
2.230000000000000038e-01 -1.392291948394847054e+02
2.250000000000000056e-01 -2.210357053625891695e+02
2.270000000000000073e-01 -3.057751642088114750e+02
2.290000000000000091e-01 -3.782085156395496028e+02
2.310000000000000109e-01 -4.231969933586173056e+02
2.330000000000000127e-01 -4.344129613017742031e+02
2.349999999999999867e-01 -4.162410855935404470e+02
2.369999999999999885e-01 -3.771231473998206525e+02
2.389999999999999902e-01 -3.265569603685609081e+02
2.409999999999999920e-01 -2.704103069481259354e+02
2.429999999999999938e-01 -2.203437642602651749e+02
2.449999999999999956e-01 -1.734986945078569818e+02
2.469999999999999973e-01 -1.343270432756631578e+02
2.489999999999999991e-01 -1.033489324982303401e+02
2.510000000000000009e-01 -7.769994037929875219e+01
2.530000000000000027e-01 -5.922108463478296869e+01
2.550000000000000044e-01 -4.455166007991864774e+01
2.570000000000000062e-01 -3.354673138707667590e+01
2.590000000000000080e-01 -2.440848332641048657e+01
2.610000000000000098e-01 -1.730283449771637549e+01
2.630000000000000115e-01 -1.221370205802263165e+01
2.650000000000000133e-01 -7.539785536867448457e+00
2.670000000000000151e-01 -2.933055326000387097e+00
2.690000000000000169e-01 1.910866668631871823e+00
2.710000000000000187e-01 6.796326304507206650e+00
2.730000000000000204e-01 1.219507747708372314e+01
2.750000000000000222e-01 1.988934858679476037e+01
2.770000000000000240e-01 2.744883982524415345e+01
2.790000000000000258e-01 3.732484076267010664e+01
2.809999999999999720e-01 4.832735281618448653e+01
2.829999999999999738e-01 6.078480188144761343e+01
2.849999999999999756e-01 7.463289142875667892e+01
2.869999999999999774e-01 8.919589326457143841e+01
2.889999999999999791e-01 1.031481183426633379e+02
2.909999999999999809e-01 1.182230511586081008e+02
2.929999999999999827e-01 1.311103938571366996e+02
2.949999999999999845e-01 1.421465695997942760e+02
2.969999999999999862e-01 1.506761880881331308e+02
2.989999999999999880e-01 1.564947620632933081e+02
3.009999999999999898e-01 1.585166000383369749e+02
3.029999999999999916e-01 1.564859787160247038e+02
3.049999999999999933e-01 1.505431679247184888e+02
3.069999999999999951e-01 1.425765719655937858e+02
3.089999999999999969e-01 1.308116665052551468e+02
3.109999999999999987e-01 1.175757820862418441e+02
3.130000000000000004e-01 1.044082516858155572e+02
3.150000000000000022e-01 9.025604242633792751e+01
3.170000000000000040e-01 7.586423368057266714e+01
3.190000000000000058e-01 6.374731729306481043e+01
3.210000000000000075e-01 5.217102154601486319e+01
3.230000000000000093e-01 4.229799394154481007e+01
3.250000000000000111e-01 3.334976751224128577e+01
3.270000000000000129e-01 2.661938574226811127e+01
3.290000000000000147e-01 2.034569237542656950e+01
3.310000000000000164e-01 1.629900395907376875e+01
3.330000000000000182e-01 1.251504630715638200e+01
3.350000000000000200e-01 9.886836955353732748e+00
3.370000000000000218e-01 7.557515964989062418e+00
3.390000000000000235e-01 5.957276116252100628e+00
3.410000000000000253e-01 4.727482553393106635e+00
3.429999999999999716e-01 3.697877827190662270e+00
3.449999999999999734e-01 3.060107291448429301e+00
3.469999999999999751e-01 2.352726395085506184e+00
3.489999999999999769e-01 2.048952800590154943e+00
3.509999999999999787e-01 1.601373810122136199e+00
3.529999999999999805e-01 1.258504087597652088e+00
3.549999999999999822e-01 1.123941410457677481e+00
3.569999999999999840e-01 1.071691236390621249e+00
3.589999999999999858e-01 8.896949146885749782e-01
3.609999999999999876e-01 4.916887657263464551e-01
3.629999999999999893e-01 5.886615563196800904e-01
3.649999999999999911e-01 4.556568091134058363e-01
3.669999999999999929e-01 3.255084837923551411e-01
3.689999999999999947e-01 1.733789610008197590e-01
3.709999999999999964e-01 4.900419561195661772e-02
3.729999999999999982e-01 -9.696018067017805886e-02
3.750000000000000000e-01 -1.558841321724369344e-01
3.770000000000000018e-01 -3.915185396924591443e-01
3.790000000000000036e-01 -5.165297607965974036e-01
3.810000000000000053e-01 -9.757766635179228043e-01
3.830000000000000071e-01 -9.886031638162593449e-01
3.850000000000000089e-01 -1.319646538430075955e+00
3.870000000000000107e-01 -1.812696259916499963e+00
3.890000000000000124e-01 -2.072692301153845840e+00
3.910000000000000142e-01 -2.680241031653810779e+00
3.930000000000000160e-01 -3.198921716962722428e+00
3.950000000000000178e-01 -3.739409269234288846e+00
3.970000000000000195e-01 -4.268870446493505000e+00
3.990000000000000213e-01 -5.306559366155852331e+00
4.010000000000000231e-01 -6.365331680708325557e+00
4.030000000000000249e-01 -7.278284344236515935e+00
4.050000000000000266e-01 -8.471069755075735230e+00
4.069999999999999729e-01 -9.599397307567780757e+00
4.089999999999999747e-01 -1.115891829089319387e+01
4.109999999999999765e-01 -1.214865019177826255e+01
4.129999999999999782e-01 -1.382064019627216034e+01
4.149999999999999800e-01 -1.518576577624009438e+01
4.169999999999999818e-01 -1.643685353524005777e+01
4.189999999999999836e-01 -1.835497231591320855e+01
4.209999999999999853e-01 -1.980786311928995147e+01
4.229999999999999871e-01 -2.148697135899542232e+01
4.249999999999999889e-01 -2.258286825610989368e+01
4.269999999999999907e-01 -2.410126034303263509e+01
4.289999999999999925e-01 -2.515979169952874628e+01
4.309999999999999942e-01 -2.656078302842671590e+01
4.329999999999999960e-01 -2.777298704946453967e+01
4.349999999999999978e-01 -2.871230871329311185e+01
4.369999999999999996e-01 -2.966863024950108496e+01
4.390000000000000013e-01 -3.075511686083054030e+01
4.410000000000000031e-01 -3.087563423239699745e+01
4.430000000000000049e-01 -3.155123132448717627e+01
4.450000000000000067e-01 -3.176215073995061644e+01
4.470000000000000084e-01 -3.136885072340044900e+01
4.490000000000000102e-01 -3.185116709142927505e+01
4.510000000000000120e-01 -3.097240121735401175e+01
4.530000000000000138e-01 -3.064199744483272880e+01
4.550000000000000155e-01 -2.984377550161966752e+01
4.570000000000000173e-01 -2.894528649924206931e+01
4.590000000000000191e-01 -2.815733557559671141e+01
4.610000000000000209e-01 -2.638219290491241864e+01
4.630000000000000226e-01 -2.481752535392231707e+01
4.650000000000000244e-01 -2.284982126318321960e+01
4.670000000000000262e-01 -2.130143860429240377e+01
4.689999999999999725e-01 -1.954093061782504392e+01
4.709999999999999742e-01 -1.759666125768385925e+01
4.729999999999999760e-01 -1.495341818970370262e+01
4.749999999999999778e-01 -1.280239540647749941e+01
4.769999999999999796e-01 -1.062755805208157511e+01
4.789999999999999813e-01 -8.415027751173928650e+00
4.809999999999999831e-01 -5.867144984492583148e+00
4.829999999999999849e-01 -3.606844147848185855e+00
4.849999999999999867e-01 -1.720476944602025604e+00
4.869999999999999885e-01 3.270551573547862412e-01
4.889999999999999902e-01 3.123971769823572497e+00
4.909999999999999920e-01 4.609390719039180517e+00
4.929999999999999938e-01 6.313477636498295631e+00
4.949999999999999956e-01 8.719414223644106343e+00
4.969999999999999973e-01 9.953271236924072340e+00
4.989999999999999991e-01 1.174273052176344123e+01
5.010000000000000009e-01 1.316745104296389535e+01
5.030000000000000027e-01 1.434924835595679760e+01
5.050000000000000044e-01 1.516811979610795014e+01
5.070000000000000062e-01 1.618356973424774736e+01
5.090000000000000080e-01 1.698085709469606996e+01
5.110000000000000098e-01 1.765540980889443290e+01
5.130000000000000115e-01 1.828050269117312610e+01
5.150000000000000133e-01 1.814515169895469526e+01
5.170000000000000151e-01 1.861697930590142036e+01
5.190000000000000169e-01 1.834856883236177083e+01
5.210000000000000187e-01 1.853721405470425054e+01
5.230000000000000204e-01 1.807514046362888394e+01
5.250000000000000222e-01 1.802945594632812387e+01
5.270000000000000240e-01 1.815394647284007945e+01
5.290000000000000258e-01 1.734205416034345504e+01
5.310000000000000275e-01 1.699038751199117669e+01
5.330000000000000293e-01 1.639420452789785898e+01
5.350000000000000311e-01 1.628364281027196014e+01
5.370000000000000329e-01 1.525620797294765651e+01
5.390000000000000346e-01 1.470207900177444671e+01
5.410000000000000364e-01 1.402320026954503795e+01
5.430000000000000382e-01 1.303936014127120657e+01
5.450000000000000400e-01 1.264294664531447054e+01
5.470000000000000417e-01 1.169967476711521748e+01
5.490000000000000435e-01 1.082573453201375990e+01
5.510000000000000453e-01 9.880839459165958516e+00
5.530000000000000471e-01 9.258092725970934467e+00
5.550000000000000488e-01 8.419600047808517118e+00
5.570000000000000506e-01 7.750509052585264236e+00
5.590000000000000524e-01 6.740000291061855719e+00
5.610000000000000542e-01 5.754394756279392453e+00
5.629999999999999449e-01 5.037954976951881214e+00
5.649999999999999467e-01 4.442425903833738587e+00
5.669999999999999485e-01 3.577168102933555804e+00
5.689999999999999503e-01 3.031234565120862090e+00
5.709999999999999520e-01 2.265285717016105149e+00
5.729999999999999538e-01 1.869447323962783791e+00
5.749999999999999556e-01 1.259744168312948442e+00
5.769999999999999574e-01 8.964843918805849299e-01
5.789999999999999591e-01 1.458686498357757155e-01
5.809999999999999609e-01 -3.396860724430230127e-01
5.829999999999999627e-01 -6.201460705033131626e-01
5.849999999999999645e-01 -8.327143812635212639e-01
5.869999999999999662e-01 -1.477923086121246898e+00
5.889999999999999680e-01 -1.803285176693685266e+00
5.909999999999999698e-01 -2.148355469710795163e+00
5.929999999999999716e-01 -2.330493925250849863e+00
5.949999999999999734e-01 -2.762581853806945986e+00
5.969999999999999751e-01 -2.933351586734237237e+00
5.989999999999999769e-01 -3.195776218571951599e+00
6.009999999999999787e-01 -3.160536552040738467e+00
6.029999999999999805e-01 -3.598721095235700052e+00
6.049999999999999822e-01 -3.611822557732259131e+00
6.069999999999999840e-01 -3.867233716578270641e+00
6.089999999999999858e-01 -4.078297944587629509e+00
6.109999999999999876e-01 -4.530431885494652811e+00
6.129999999999999893e-01 -4.290007346769445284e+00
6.149999999999999911e-01 -4.538565830538751733e+00
6.169999999999999929e-01 -4.230134109643393536e+00
6.189999999999999947e-01 -4.365675653529903499e+00
6.209999999999999964e-01 -4.245776434608744765e+00
6.229999999999999982e-01 -4.353241101032713445e+00
6.250000000000000000e-01 -4.606016373085500604e+00
6.270000000000000018e-01 -4.808300744355480383e+00
6.290000000000000036e-01 -4.534834372247745549e+00
6.310000000000000053e-01 -4.196971583002961026e+00
6.330000000000000071e-01 -4.528203582666228577e+00
6.350000000000000089e-01 -4.436995885682506469e+00
6.370000000000000107e-01 -4.284507360942869880e+00
6.390000000000000124e-01 -4.315545171694185278e+00
6.410000000000000142e-01 -4.169641740580795286e+00
6.430000000000000160e-01 -4.184528283372805468e+00
6.450000000000000178e-01 -4.004595066628031219e+00
6.470000000000000195e-01 -3.786521132453039229e+00
6.490000000000000213e-01 -3.719181844042373175e+00
6.510000000000000231e-01 -3.752068929995964641e+00
6.530000000000000249e-01 -3.563030345220178141e+00
6.550000000000000266e-01 -3.663147489676882529e+00
6.570000000000000284e-01 -3.761981371536635699e+00
6.590000000000000302e-01 -3.358662543562300762e+00
6.610000000000000320e-01 -2.925414295765970341e+00
6.630000000000000338e-01 -3.042056130647047940e+00
6.650000000000000355e-01 -2.794999771539364186e+00
6.670000000000000373e-01 -2.736570383008873897e+00
6.690000000000000391e-01 -2.328398614785987863e+00
6.710000000000000409e-01 -2.168475981023108901e+00
6.730000000000000426e-01 -2.081147071021856032e+00
6.750000000000000444e-01 -1.935598317337064556e+00
6.770000000000000462e-01 -1.846917398360983009e+00
6.790000000000000480e-01 -1.697069095015774520e+00
6.810000000000000497e-01 -1.305332999797447879e+00
6.830000000000000515e-01 -1.247092824504260289e+00
6.850000000000000533e-01 -1.286539060572231330e+00
6.869999999999999440e-01 -8.360331071779616430e-01
6.889999999999999458e-01 -5.789889206410661071e-01
6.909999999999999476e-01 -4.696957590643188740e-01
6.929999999999999494e-01 -4.037871219655524424e-01
6.949999999999999512e-01 -2.269158541145732122e-01
6.969999999999999529e-01 -3.054486490392336884e-01
6.989999999999999547e-01 -1.276934042630352151e-01
7.009999999999999565e-01 2.642261409694025565e-01
7.029999999999999583e-01 4.674455285556776696e-01
7.049999999999999600e-01 5.835409063813609132e-01
7.069999999999999618e-01 8.028958666517986842e-01
7.089999999999999636e-01 1.083505561031385067e+00
7.109999999999999654e-01 1.047397515289105074e+00
7.129999999999999671e-01 1.413030812258448732e+00
7.149999999999999689e-01 1.599744949285460072e+00
7.169999999999999707e-01 1.541631725960779464e+00
7.189999999999999725e-01 1.908179289935417300e+00
7.209999999999999742e-01 1.829488429810427697e+00
7.229999999999999760e-01 1.951640728456844887e+00
7.249999999999999778e-01 2.069211074868495981e+00
7.269999999999999796e-01 2.265221211440951343e+00
7.289999999999999813e-01 2.338479267608593037e+00
7.309999999999999831e-01 2.249965550494545941e+00
7.329999999999999849e-01 2.429148717865829088e+00
7.349999999999999867e-01 2.556408873091891465e+00
7.369999999999999885e-01 2.440105832508715711e+00
7.389999999999999902e-01 2.346636428126140927e+00
7.409999999999999920e-01 2.290991638857820867e+00
7.429999999999999938e-01 2.358092111804015900e+00
7.449999999999999956e-01 2.558118383448036770e+00
7.469999999999999973e-01 2.638117487455238663e+00
7.489999999999999991e-01 2.485781587630771394e+00
7.510000000000000009e-01 2.583181734533365859e+00
7.530000000000000027e-01 2.307771796774901407e+00
7.550000000000000044e-01 2.322185164362919885e+00
7.570000000000000062e-01 2.398208524886864534e+00
7.590000000000000080e-01 2.259721102118004588e+00
7.610000000000000098e-01 2.177977440465419079e+00
7.630000000000000115e-01 1.931958755813397710e+00
7.650000000000000133e-01 2.028480707299495034e+00
7.670000000000000151e-01 1.808671619763442262e+00
7.690000000000000169e-01 1.377258761491487959e+00
7.710000000000000187e-01 1.622588394503968301e+00
7.730000000000000204e-01 1.608558872579166632e+00
7.750000000000000222e-01 1.285828849786250894e+00
7.770000000000000240e-01 1.416077474137827474e+00
7.790000000000000258e-01 1.058695709426996645e+00
7.810000000000000275e-01 9.758739617562703916e-01
7.830000000000000293e-01 8.416257123354762282e-01
7.850000000000000311e-01 6.704213921928680042e-01
7.870000000000000329e-01 7.568615170157184657e-01
7.890000000000000346e-01 6.230098632389834412e-01
7.910000000000000364e-01 3.368822575039188139e-01
7.930000000000000382e-01 3.030073488112998703e-01
7.950000000000000400e-01 1.840924281824966313e-01
7.970000000000000417e-01 -3.185559314285713040e-02
7.990000000000000435e-01 7.924078856669881932e-03
8.010000000000000453e-01 -1.839730043186422193e-01
8.030000000000000471e-01 -1.961332683857353043e-01
8.050000000000000488e-01 -3.564920909256669712e-01
8.070000000000000506e-01 -5.074930447855299231e-01
8.090000000000000524e-01 -5.462103313564513618e-01
8.110000000000000542e-01 -7.152923618894405644e-01
8.129999999999999449e-01 -8.316825732991534048e-01
8.149999999999999467e-01 -7.996803582348057660e-01
8.169999999999999485e-01 -9.170301290471417621e-01
8.189999999999999503e-01 -1.312271787886287067e+00
8.209999999999999520e-01 -1.133268925469682831e+00
8.229999999999999538e-01 -1.229839311910653876e+00
8.249999999999999556e-01 -1.137171275702292483e+00
8.269999999999999574e-01 -1.351109762691866889e+00
8.289999999999999591e-01 -1.280803585226455876e+00
8.309999999999999609e-01 -1.455342810768225803e+00
8.329999999999999627e-01 -1.424061370804824422e+00
8.349999999999999645e-01 -1.455943872464964928e+00
8.369999999999999662e-01 -1.497133614134308788e+00
8.389999999999999680e-01 -1.427721273760552245e+00
8.409999999999999698e-01 -1.463853017321156802e+00
8.429999999999999716e-01 -1.494880555516454823e+00
8.449999999999999734e-01 -1.565745611743063481e+00
8.469999999999999751e-01 -1.313911397446516860e+00
8.489999999999999769e-01 -1.310067700173793259e+00
8.509999999999999787e-01 -1.390068825324349611e+00
8.529999999999999805e-01 -1.696422841590657260e+00
8.549999999999999822e-01 -1.374786069897656393e+00
8.569999999999999840e-01 -1.253580106507083514e+00
8.589999999999999858e-01 -1.197473888010022858e+00
8.609999999999999876e-01 -1.330670888730193901e+00
8.629999999999999893e-01 -1.177342563224980543e+00
8.649999999999999911e-01 -1.264304660997308316e+00
8.669999999999999929e-01 -8.726347412041079998e-01
8.689999999999999947e-01 -7.882359623798478321e-01
8.709999999999999964e-01 -8.112928474093658027e-01
8.729999999999999982e-01 -7.035901085177479475e-01
8.750000000000000000e-01 -8.545484922237053249e-01
8.770000000000000018e-01 -4.472517755798792183e-01
8.790000000000000036e-01 -7.420313593246102846e-01
8.810000000000000053e-01 -5.192388469298244713e-01
8.830000000000000071e-01 -5.687945598844849071e-01
8.850000000000000089e-01 -6.372740912624031973e-01
8.870000000000000107e-01 -4.286510073631227824e-01
8.890000000000000124e-01 -4.885995392394442138e-01
8.910000000000000142e-01 -2.782511579062804108e-01
8.930000000000000160e-01 -1.881950436494091161e-01
8.950000000000000178e-01 -6.315333311879953171e-02
8.970000000000000195e-01 3.353174765970984988e-02
8.990000000000000213e-01 -5.633333637975062452e-02
9.010000000000000231e-01 -6.231502383299920324e-03
9.030000000000000249e-01 4.963143518073948046e-02
9.050000000000000266e-01 9.470693155269049868e-02
9.070000000000000284e-01 1.557830171510847239e-01
9.090000000000000302e-01 2.183620203783233904e-01
9.110000000000000320e-01 2.986769264094850662e-01
9.130000000000000338e-01 3.621033715847614132e-01
9.150000000000000355e-01 6.364524859750460006e-01
9.170000000000000373e-01 4.973179126737165001e-01
9.190000000000000391e-01 4.931590680232841861e-01
9.210000000000000409e-01 4.790919513627746595e-01
9.230000000000000426e-01 4.532660309152435341e-01
9.250000000000000444e-01 5.892625156996859070e-01
9.270000000000000462e-01 5.769111794030150620e-01
9.290000000000000480e-01 5.490298847893668732e-01
9.310000000000000497e-01 5.272189618335030303e-01
9.330000000000000515e-01 5.888862158006024083e-01
9.350000000000000533e-01 6.384484908363151634e-01
9.369999999999999440e-01 4.820761349622972869e-01
9.389999999999999458e-01 6.865692632010839125e-01
9.409999999999999476e-01 6.246197174589533940e-01
9.429999999999999494e-01 6.883420996899763944e-01
9.449999999999999512e-01 5.626958857518805646e-01
9.469999999999999529e-01 6.580958907866454322e-01
9.489999999999999547e-01 4.868128302492020776e-01
9.509999999999999565e-01 5.388376105012058215e-01
9.529999999999999583e-01 5.068715767209246437e-01
9.549999999999999600e-01 5.176931050972669590e-01
9.569999999999999618e-01 6.020672025772173530e-01
9.589999999999999636e-01 5.922245419064106065e-01
9.609999999999999654e-01 5.422889644645989549e-01
9.629999999999999671e-01 4.691246186697650700e-01
9.649999999999999689e-01 4.309664109639669283e-01
9.669999999999999707e-01 6.041057251125064864e-01
9.689999999999999725e-01 5.477386384821569809e-01
9.709999999999999742e-01 6.223889547402361444e-01
9.729999999999999760e-01 2.582637272109463700e-01
9.749999999999999778e-01 4.203975799371147404e-01
9.769999999999999796e-01 4.151450151684408230e-01
9.789999999999999813e-01 4.855844727932586147e-01
9.809999999999999831e-01 3.644570981036200918e-01
9.829999999999999849e-01 4.467391590369949039e-01
9.849999999999999867e-01 4.744727540750546813e-01
9.869999999999999885e-01 3.617704361463323637e-01
9.889999999999999902e-01 2.861782328173163581e-01
9.909999999999999920e-01 9.958679994774578825e-02
9.929999999999999938e-01 1.727205329835744818e-01
9.949999999999999956e-01 1.958721865983028554e-01
9.969999999999999973e-01 2.120512266556734693e-01
9.989999999999999991e-01 1.757209148033283264e-01
1.001000000000000112e+00 1.312645761034191561e-01
1.003000000000000114e+00 2.011409387472924692e-02
1.005000000000000115e+00 1.368998024890506482e-01
1.007000000000000117e+00 7.815558344453522877e-02
1.009000000000000119e+00 9.606534654892848191e-02
1.011000000000000121e+00 -1.699245021599957994e-01
1.013000000000000123e+00 7.887573865360673897e-02
1.015000000000000124e+00 4.582970265545544680e-02
1.017000000000000126e+00 4.891031294138382945e-02
1.019000000000000128e+00 -9.906096622082419256e-02
1.021000000000000130e+00 5.823339488204873349e-02
1.023000000000000131e+00 -1.981868964097279751e-01
1.025000000000000133e+00 -5.296479574394758610e-02
1.027000000000000135e+00 -2.877747667573082174e-02
1.029000000000000137e+00 -6.688667904485996740e-02
1.031000000000000139e+00 -1.633958367920648747e-01
1.033000000000000140e+00 -7.901152678246310679e-02
1.035000000000000142e+00 -1.668577021055036025e-01
1.037000000000000144e+00 -1.630785792542158441e-01
1.039000000000000146e+00 -1.936919996325335291e-01
1.041000000000000147e+00 -2.520778280449745834e-01
1.043000000000000149e+00 -2.418115685552995886e-01
1.045000000000000151e+00 -2.177246617159810660e-01
1.047000000000000153e+00 -2.538117207935419173e-01
1.049000000000000155e+00 -3.309968551143968596e-01
1.051000000000000156e+00 -9.159397585531703356e-02
1.053000000000000158e+00 -2.463652015567466269e-01
1.055000000000000160e+00 -2.908823714074462163e-01
1.057000000000000162e+00 -1.479098830800255338e-01
1.059000000000000163e+00 -2.120060649360168414e-01
1.061000000000000165e+00 -2.846059176216145237e-01
1.063000000000000167e+00 -1.343065128206837044e-01
1.065000000000000169e+00 -4.281681563649040179e-01
1.067000000000000171e+00 -2.399425490922617865e-01
1.069000000000000172e+00 -2.331432086719351926e-01
1.071000000000000174e+00 -3.498799921274463043e-01
1.073000000000000176e+00 -3.046386370777117714e-01
1.075000000000000178e+00 -2.699453759490351712e-01
1.077000000000000179e+00 -2.907499721209181875e-01
1.079000000000000181e+00 -1.752522383840017239e-01
1.081000000000000183e+00 -2.611850289313022988e-01
1.083000000000000185e+00 -3.349809427319501709e-01
1.085000000000000187e+00 -1.074293330958558806e-01
1.087000000000000188e+00 -1.883804958589420375e-01
1.089000000000000190e+00 -2.573616949130604348e-01
1.091000000000000192e+00 -2.663357349625679049e-01
1.093000000000000194e+00 -1.510304604616014568e-01
1.095000000000000195e+00 -1.814189147396388091e-01
1.097000000000000197e+00 -1.709494343912612568e-01
1.099000000000000199e+00 -1.075019725092370426e-01
1.101000000000000201e+00 -1.154581374135198180e-01
1.103000000000000203e+00 -1.289000293862469504e-01
1.105000000000000204e+00 -8.147953621010961545e-02
1.107000000000000206e+00 -2.297959245014072338e-01
1.109000000000000208e+00 -1.096851888617032811e-02
1.111000000000000210e+00 -8.196797860767830735e-03
1.113000000000000211e+00 2.994700842926210915e-02
1.115000000000000213e+00 2.034523061483795719e-02
1.117000000000000215e+00 7.973826065751525582e-02
1.119000000000000217e+00 4.309341363122395907e-02
1.121000000000000218e+00 5.501659702690619297e-02
1.123000000000000220e+00 -3.476441519730059937e-02
1.125000000000000000e+00 -7.461120856122653577e-02
1.127000000000000002e+00 -7.965710359236143415e-03
1.129000000000000004e+00 6.350010540941823656e-02
1.131000000000000005e+00 3.559259451734208407e-02
1.133000000000000007e+00 2.128022852684408606e-01
1.135000000000000009e+00 1.178072122341670275e-02
1.137000000000000011e+00 2.021770528370263331e-01
1.139000000000000012e+00 1.039833084982499933e-01
1.141000000000000014e+00 1.308191062227500312e-01
1.143000000000000016e+00 1.548851846854966408e-01
1.145000000000000018e+00 7.459987725595694508e-02
1.147000000000000020e+00 1.192002607544365017e-01
1.149000000000000021e+00 4.214974729482107857e-02
1.151000000000000023e+00 5.218603511340678264e-02
1.153000000000000025e+00 1.775785533935469451e-01
1.155000000000000027e+00 -2.148849727334433204e-02
1.157000000000000028e+00 -2.519326010126858237e-02
1.159000000000000030e+00 1.493830017882772088e-01
1.161000000000000032e+00 2.076656860910293112e-01
1.163000000000000034e+00 1.757845800919606571e-01
1.165000000000000036e+00 2.087269483734359998e-01
1.167000000000000037e+00 1.770579444831623661e-01
1.169000000000000039e+00 4.688950704608774861e-02
1.171000000000000041e+00 1.893773448991086517e-01
1.173000000000000043e+00 1.360341813049125714e-01
1.175000000000000044e+00 3.664094063311995608e-02
1.177000000000000046e+00 1.618899198196359912e-01
1.179000000000000048e+00 1.055389417426795540e-01
1.181000000000000050e+00 1.329884678642088286e-02
1.183000000000000052e+00 -1.807352492994956580e-02
1.185000000000000053e+00 1.332930086335638031e-01
1.187000000000000055e+00 1.579768995000381260e-01
1.189000000000000057e+00 4.293978684196390894e-02
1.191000000000000059e+00 4.041815516054687862e-02
1.193000000000000060e+00 2.369573591187745451e-02
1.195000000000000062e+00 3.542472902307920290e-03
1.197000000000000064e+00 7.532042568935870541e-02
1.199000000000000066e+00 7.976119263992283159e-02
1.201000000000000068e+00 -3.507166083477276670e-03
1.203000000000000069e+00 5.942374441058496243e-02
1.205000000000000071e+00 -2.090352383510802117e-02
1.207000000000000073e+00 5.903053626325267117e-02
1.209000000000000075e+00 -5.652812377033578778e-02
1.211000000000000076e+00 -3.219517853324786044e-02
1.213000000000000078e+00 -1.409628274846681240e-01
1.215000000000000080e+00 -1.599177138217336772e-02
1.217000000000000082e+00 -3.643257893744875076e-02
1.219000000000000083e+00 -9.986110183359778181e-02
1.221000000000000085e+00 -6.786424395519530250e-02
1.223000000000000087e+00 1.645966661204313064e-01
1.225000000000000089e+00 -2.809240519887553147e-02
1.227000000000000091e+00 -3.696118675061063619e-02
1.229000000000000092e+00 -4.912131713197940425e-02
1.231000000000000094e+00 -1.112768919184131504e-02
1.233000000000000096e+00 -3.438401861982744862e-02
1.235000000000000098e+00 1.990030270754444136e-02
1.237000000000000099e+00 -8.705801982839803110e-02
1.239000000000000101e+00 1.021554234824500890e-01
1.241000000000000103e+00 -5.036575648625635920e-02
1.243000000000000105e+00 4.365548593475877294e-03
1.245000000000000107e+00 -1.348975539977917137e-01
1.247000000000000108e+00 -9.759570265480651749e-03
1.249000000000000110e+00 -2.161853257754371271e-03
1.251000000000000112e+00 -1.249868902054988851e-01
1.253000000000000114e+00 -2.362879810583460582e-01
1.255000000000000115e+00 -2.119819248375603427e-01
1.257000000000000117e+00 1.707538560756882359e-02
1.259000000000000119e+00 -1.148929519584669379e-01
1.261000000000000121e+00 8.483614125476185430e-03
1.263000000000000123e+00 -1.754779206854263085e-01
1.265000000000000124e+00 -1.327732502494956834e-01
1.267000000000000126e+00 -5.882418108789205791e-02
1.269000000000000128e+00 -1.424087770379959539e-01
1.271000000000000130e+00 -8.350644174847232648e-02
1.273000000000000131e+00 -1.155014042016416498e-01
1.275000000000000133e+00 -1.109901659728104312e-01
1.277000000000000135e+00 -2.078429776093644599e-01
1.279000000000000137e+00 4.741741074733049621e-02
1.281000000000000139e+00 -1.150908654564422456e-01
1.283000000000000140e+00 -9.117122425553318699e-02
1.285000000000000142e+00 -8.169675832256879239e-03
1.287000000000000144e+00 -4.682974905611242411e-02
1.289000000000000146e+00 9.032443728587985499e-02
1.291000000000000147e+00 9.308001304934147846e-02
1.293000000000000149e+00 -6.051670774549749304e-03
1.295000000000000151e+00 8.647289664589606628e-02
1.297000000000000153e+00 -1.403360266674305752e-02
1.299000000000000155e+00 -6.395621657936285953e-02
1.301000000000000156e+00 9.962457909741995188e-02
1.303000000000000158e+00 8.243475540080798247e-02
1.305000000000000160e+00 8.218227543890403719e-02
1.307000000000000162e+00 9.871199234542585646e-03
1.309000000000000163e+00 -3.345959783008538302e-02
1.311000000000000165e+00 -1.569768796296951499e-02
1.313000000000000167e+00 2.151861529130645947e-02
1.315000000000000169e+00 2.535379269513828374e-02
1.317000000000000171e+00 9.721864030967124898e-03
1.319000000000000172e+00 -3.392341348769786769e-02
1.321000000000000174e+00 -3.188815536548034874e-02
1.323000000000000176e+00 1.204235476623095880e-01
1.325000000000000178e+00 5.762893403994243102e-02
1.327000000000000179e+00 1.158682952400490046e-01
1.329000000000000181e+00 1.880777224320130114e-01
1.331000000000000183e+00 1.342097583489979262e-01
1.333000000000000185e+00 -1.233684607577134433e-02
1.335000000000000187e+00 -2.081523134572204475e-02
1.337000000000000188e+00 9.433183402366474056e-04
1.339000000000000190e+00 1.222653205942661817e-02
1.341000000000000192e+00 2.250478035936278459e-02
1.343000000000000194e+00 -1.682835141248587713e-02
1.345000000000000195e+00 6.152058542844862643e-02
1.347000000000000197e+00 -6.505548833864672510e-03
1.349000000000000199e+00 6.578934189293629553e-02
1.351000000000000201e+00 1.358087429508832433e-01
1.353000000000000203e+00 -6.079522009102395624e-02
1.355000000000000204e+00 -1.561318205057695384e-02
1.357000000000000206e+00 2.472436586384890028e-02
1.359000000000000208e+00 4.747724642058745448e-02
1.361000000000000210e+00 -1.820685099307961866e-03
1.363000000000000211e+00 -9.984402174272495600e-03
1.365000000000000213e+00 4.977582643740572493e-02
1.367000000000000215e+00 4.060659531477292528e-02
1.369000000000000217e+00 -4.318723837406238109e-02
1.371000000000000218e+00 5.920932617193915004e-02
1.373000000000000220e+00 -1.341748990707049803e-02
1.375000000000000000e+00 3.300026447159324500e-02
1.377000000000000002e+00 3.023654252963890385e-02
1.379000000000000004e+00 -2.926216805755303338e-02
1.381000000000000005e+00 7.338576534989466049e-02
1.383000000000000007e+00 6.083112148441884026e-02
1.385000000000000009e+00 4.659050474764404176e-02
1.387000000000000011e+00 -7.801141891914072091e-02
1.389000000000000012e+00 5.506265530185780466e-02
1.391000000000000014e+00 -8.017789684728404698e-02
1.393000000000000016e+00 1.564196698616050415e-02
1.395000000000000018e+00 3.379381984358961061e-02
1.397000000000000020e+00 -2.851295445337906007e-02
1.399000000000000021e+00 -2.843148891096742778e-02
1.401000000000000023e+00 -1.890024800568215063e-02
1.403000000000000025e+00 -1.284981898065648206e-02
1.405000000000000027e+00 1.212988793611252808e-01
1.407000000000000028e+00 -5.025565173475458197e-02
1.409000000000000030e+00 -3.907121692814017472e-02
1.411000000000000032e+00 2.540904368597810339e-03
1.413000000000000034e+00 2.533716523572606804e-03
1.415000000000000036e+00 9.685143354858125053e-02
1.417000000000000037e+00 -7.726258235877073166e-02
1.419000000000000039e+00 1.147299670695935414e-01
1.421000000000000041e+00 1.753687601600877402e-02
1.423000000000000043e+00 -3.664071746299229354e-02
1.425000000000000044e+00 3.072508464994090638e-02
1.427000000000000046e+00 5.879379519009352018e-02
1.429000000000000048e+00 8.092500050813240808e-02
1.431000000000000050e+00 5.434827455735264518e-02
1.433000000000000052e+00 8.950663081405400845e-02
1.435000000000000053e+00 -1.342954004625799835e-01
1.437000000000000055e+00 4.082982897219603058e-02
1.439000000000000057e+00 -6.514626053665249251e-03
1.441000000000000059e+00 -4.791209295970209198e-02
1.443000000000000060e+00 3.401243469269223801e-02
1.445000000000000062e+00 1.534401447249245966e-02
1.447000000000000064e+00 6.925999911995513181e-02
1.449000000000000066e+00 3.292821421977161489e-02
1.451000000000000068e+00 9.210519114302599675e-02
1.453000000000000069e+00 9.664407515697594209e-02
1.455000000000000071e+00 -1.202740827012412639e-01
1.457000000000000073e+00 -5.163157173890518814e-02
1.459000000000000075e+00 1.615997469324502167e-01
1.461000000000000076e+00 -4.344935665307746164e-02
1.463000000000000078e+00 6.854119832553226543e-02
1.465000000000000080e+00 6.285442102515700381e-03
1.467000000000000082e+00 1.175309168488194826e-02
1.469000000000000083e+00 3.438192412664499431e-02
1.471000000000000085e+00 -3.350921105021655022e-02
1.473000000000000087e+00 4.429864626262566829e-02
1.475000000000000089e+00 -8.370681306854531323e-02
1.477000000000000091e+00 -4.560496362941118126e-02
1.479000000000000092e+00 -9.327604322539168047e-02
1.481000000000000094e+00 -2.306387259646352009e-02
1.483000000000000096e+00 -9.277354693644797312e-02
1.485000000000000098e+00 -4.129162221165495750e-02
1.487000000000000099e+00 3.965541500760529775e-02
1.489000000000000101e+00 -3.194338880285032406e-02
1.491000000000000103e+00 -4.399403534085718354e-02
1.493000000000000105e+00 4.387624681169342150e-02
1.495000000000000107e+00 5.658482417631970768e-02
1.497000000000000108e+00 1.956369303852426023e-02
1.499000000000000110e+00 2.326373921704033218e-02
1.501000000000000112e+00 1.040338111109022634e-01
1.503000000000000114e+00 -2.911171149021617860e-02
1.505000000000000115e+00 -1.637837360911679682e-02
1.507000000000000117e+00 1.781992327278495228e-02
1.509000000000000119e+00 8.590147129546792104e-02
1.511000000000000121e+00 2.215712555831342301e-02
1.513000000000000123e+00 -1.016534968995669724e-01
1.515000000000000124e+00 2.644833443103289383e-02
1.517000000000000126e+00 -9.525620678993427723e-03
1.519000000000000128e+00 -7.015793181796493860e-02
1.521000000000000130e+00 -3.352899192813866419e-02
1.523000000000000131e+00 -4.289170374720692458e-02
1.525000000000000133e+00 1.015101433310529842e-02
1.527000000000000135e+00 -1.113688510959118944e-01
1.529000000000000137e+00 -2.596621343986501781e-02
1.531000000000000139e+00 -1.222980782310846212e-02
1.533000000000000140e+00 -7.964522835017585900e-02
1.535000000000000142e+00 -1.309650529288940712e-01
1.537000000000000144e+00 -6.067255491183914246e-02
1.539000000000000146e+00 -5.909108242280761147e-02
1.541000000000000147e+00 -8.734155640813616450e-02
1.543000000000000149e+00 -6.232638136287477898e-02
1.545000000000000151e+00 -1.518806982507137360e-01
1.547000000000000153e+00 -6.270908615327254465e-02
1.549000000000000155e+00 -1.236889563192049429e-01
1.551000000000000156e+00 -8.341505845115576578e-02
1.553000000000000158e+00 -1.132643392469482591e-01
1.555000000000000160e+00 4.044718482280768024e-02
1.557000000000000162e+00 -3.547431708833326258e-02
1.559000000000000163e+00 6.937913204151360293e-03
1.561000000000000165e+00 -6.297333285493646182e-02
1.563000000000000167e+00 -2.070734367437204650e-03
1.565000000000000169e+00 -4.681675644323172319e-02
1.567000000000000171e+00 -7.347961589723502052e-02
1.569000000000000172e+00 1.095961222594050294e-02
1.571000000000000174e+00 -3.211194272615977563e-02
1.573000000000000176e+00 -5.929019791543935908e-02
1.575000000000000178e+00 -5.166227998066904442e-02
1.577000000000000179e+00 -4.881914875263660553e-02
1.579000000000000181e+00 -2.840574101233088802e-02
1.581000000000000183e+00 -5.127090048039899262e-02
1.583000000000000185e+00 -7.402048870661988300e-03
1.585000000000000187e+00 3.087595442893253939e-02
1.587000000000000188e+00 5.356205439069471053e-02
1.589000000000000190e+00 2.738149490750703755e-02
1.591000000000000192e+00 9.992450198818315921e-03
1.593000000000000194e+00 -4.319195855443037219e-02
1.595000000000000195e+00 1.219600351638523705e-01
1.597000000000000197e+00 -2.247968272894692796e-02
1.599000000000000199e+00 2.967813998541458595e-02
1.601000000000000201e+00 3.947204972336260803e-02
1.603000000000000203e+00 8.399704687478783127e-02
1.605000000000000204e+00 3.665717950518448953e-02
1.607000000000000206e+00 4.962527557254649974e-02
1.609000000000000208e+00 1.302683763833020498e-03
1.611000000000000210e+00 8.121570617112999768e-02
1.613000000000000211e+00 3.110954041617847166e-02
1.615000000000000213e+00 1.551626831678483941e-02
1.617000000000000215e+00 1.934738650006235031e-02
1.619000000000000217e+00 3.409598684332575819e-02
1.621000000000000218e+00 -5.133872160467363617e-03
1.623000000000000220e+00 3.776905030162011623e-02
1.625000000000000000e+00 -7.726801089467998096e-02
1.627000000000000002e+00 9.045536516488529577e-02
1.629000000000000004e+00 8.324347848483366896e-02
1.631000000000000005e+00 -3.486389140158676486e-02
1.633000000000000007e+00 6.260138155729252918e-02
1.635000000000000009e+00 2.775480977871654792e-02
1.637000000000000011e+00 1.057141240555199840e-01
1.639000000000000012e+00 7.846449763748122863e-02
1.641000000000000014e+00 5.072113338298438190e-02
1.643000000000000016e+00 4.872373455521544078e-02
1.645000000000000018e+00 4.673589366469219075e-02
1.647000000000000020e+00 5.346041744207309654e-02
1.649000000000000021e+00 7.875597317057504709e-02
1.651000000000000023e+00 6.248105009407470961e-02
1.653000000000000025e+00 1.295969200189653059e-01
1.655000000000000027e+00 6.156375433124661872e-02
1.657000000000000028e+00 7.369827485084420871e-02
1.659000000000000030e+00 1.335625844922061489e-01
1.661000000000000032e+00 4.828463125384172688e-02
1.663000000000000034e+00 -2.073077372149198169e-02
1.665000000000000036e+00 3.162976466446684731e-02
1.667000000000000037e+00 -9.708896595903236323e-03
1.669000000000000039e+00 -2.603016223610332691e-02
1.671000000000000041e+00 1.328589677102003964e-02
1.673000000000000043e+00 -4.217229646023432955e-03
1.675000000000000044e+00 6.370849345090587312e-02
1.677000000000000046e+00 3.777422100737073268e-02
1.679000000000000048e+00 2.512285494462986393e-02
1.681000000000000050e+00 2.267614693436307075e-02
1.683000000000000052e+00 7.560605566406798650e-02
1.685000000000000053e+00 6.533019694058775015e-03
1.687000000000000055e+00 2.607015444388912501e-02
1.689000000000000057e+00 -8.866517030910416042e-02
1.691000000000000059e+00 -8.432763391480635473e-02
1.693000000000000060e+00 -8.471682452512073469e-02
1.695000000000000062e+00 -9.390780083946987863e-03
1.697000000000000064e+00 -1.165226852856826173e-01
1.699000000000000066e+00 -1.063177367479381519e-01
1.701000000000000068e+00 -4.254370666660990674e-02
1.703000000000000069e+00 -4.244383884408449437e-02
1.705000000000000071e+00 2.262230915188288491e-02
1.707000000000000073e+00 5.208306813184392439e-03
1.709000000000000075e+00 -5.831205421883783185e-02
1.711000000000000076e+00 -3.859187472206252606e-02
1.713000000000000078e+00 2.815804163768716520e-02
1.715000000000000080e+00 1.834606053723374097e-02
1.717000000000000082e+00 -7.435734160937571002e-02
1.719000000000000083e+00 -4.565194930387451826e-03
1.721000000000000085e+00 1.651039067958559939e-02
1.723000000000000087e+00 2.783214112199835361e-02
1.725000000000000089e+00 7.253587653775156463e-02
1.727000000000000091e+00 -5.653747615008283822e-02
1.729000000000000092e+00 -7.896945519249068055e-03
1.731000000000000094e+00 -1.041114956042738238e-01
1.733000000000000096e+00 -1.257685302158636775e-01
1.735000000000000098e+00 -5.377660331579883768e-02
1.737000000000000099e+00 -9.612799912545720582e-02
1.739000000000000101e+00 -6.133588187321831198e-02
1.741000000000000103e+00 1.613323828690600356e-02
1.743000000000000105e+00 -8.325639030445208116e-03
1.745000000000000107e+00 -6.811383634455905889e-02
1.747000000000000108e+00 -1.491760305862694334e-02
1.749000000000000110e+00 -6.945635989692865164e-02
1.751000000000000112e+00 1.539950750773290411e-02
1.753000000000000114e+00 -3.456987506118221198e-02
1.755000000000000115e+00 6.679234353388158185e-02
1.757000000000000117e+00 -8.739720669462491820e-03
1.759000000000000119e+00 -7.084884360423751581e-02
1.761000000000000121e+00 -1.163633334914094541e-01
1.763000000000000123e+00 -4.882688038355769561e-03
1.765000000000000124e+00 -6.170729719854617379e-02
1.767000000000000126e+00 8.047004831607554309e-02
1.769000000000000128e+00 4.741853136792414936e-02
1.771000000000000130e+00 3.870940240512010105e-02
1.773000000000000131e+00 6.705229306221588415e-02
1.775000000000000133e+00 8.616884146875100625e-02
1.777000000000000135e+00 1.014611634469377577e-01
1.779000000000000137e+00 1.145533136552230880e-01
1.781000000000000139e+00 -6.910931782251099331e-03
1.783000000000000140e+00 1.156311646538813603e-01
1.785000000000000142e+00 1.799382816675917582e-02
1.787000000000000144e+00 -1.320115700704545258e-02
1.789000000000000146e+00 2.792391331542236690e-02
1.791000000000000147e+00 1.419363671001808679e-02
1.793000000000000149e+00 1.783361680459126172e-02
1.795000000000000151e+00 -1.046699899825848925e-03
1.797000000000000153e+00 -3.133113939514497754e-03
1.799000000000000155e+00 5.783380213034704231e-02
1.801000000000000156e+00 8.161938526468331956e-02
1.803000000000000158e+00 1.052993468018412759e-01
1.805000000000000160e+00 7.711750115105352188e-02
1.807000000000000162e+00 -2.117330454937376219e-02
1.809000000000000163e+00 -5.152807982300138499e-03
1.811000000000000165e+00 -3.599003194312962780e-03
1.813000000000000167e+00 -5.591804541000245515e-02
1.815000000000000169e+00 -4.043848952149013687e-02
1.817000000000000171e+00 2.094088803710295391e-02
1.819000000000000172e+00 -2.904895743683829148e-02
1.821000000000000174e+00 -2.847667168047156305e-02
1.823000000000000176e+00 -1.623669877553076193e-02
1.825000000000000178e+00 -2.582055251649610639e-02
1.827000000000000179e+00 -5.809541231601605960e-02
1.829000000000000181e+00 -3.931771627840337235e-02
1.831000000000000183e+00 -3.420214286871557652e-02
1.833000000000000185e+00 -5.972320753092733026e-02
1.835000000000000187e+00 -3.505475978674552507e-03
1.837000000000000188e+00 -6.745847957995312894e-02
1.839000000000000190e+00 -3.290800614735561042e-02
1.841000000000000192e+00 -4.626967662190813180e-02
1.843000000000000194e+00 -6.999862915173395150e-02
1.845000000000000195e+00 -3.467579219659788336e-03
1.847000000000000197e+00 5.980984433955102014e-02
1.849000000000000199e+00 -6.362634568263728085e-02
1.851000000000000201e+00 -2.510027220402838086e-02
1.853000000000000203e+00 9.429126945884701294e-02
1.855000000000000204e+00 5.488469908574178380e-02
1.857000000000000206e+00 -1.026872633597667589e-02
1.859000000000000208e+00 -6.050398758929098619e-02
1.861000000000000210e+00 5.355759065424370649e-03
1.863000000000000211e+00 -8.745162584169395570e-02
1.865000000000000213e+00 5.720650659546504951e-02
1.867000000000000215e+00 -5.901905990198261232e-02
1.869000000000000217e+00 1.737820798812538328e-02
1.871000000000000218e+00 1.782277160545624531e-02
1.873000000000000220e+00 -4.326015262688281612e-03
1.875000000000000000e+00 1.151144360600872725e-02
1.877000000000000002e+00 6.700706306504265741e-02
1.879000000000000004e+00 -1.050727776753546810e-02
1.881000000000000005e+00 -4.336954779811947464e-02
1.883000000000000007e+00 2.663228806435703755e-02
1.885000000000000009e+00 5.552444744702713514e-02
1.887000000000000011e+00 8.050562273242765909e-02
1.889000000000000012e+00 3.024385525037487712e-02
1.891000000000000014e+00 -1.320371271291666780e-02
1.893000000000000016e+00 3.811578632460699972e-02
1.895000000000000018e+00 1.070625322378235544e-01
1.897000000000000020e+00 1.035568197252816902e-01
1.899000000000000021e+00 4.208367641895304628e-02
1.901000000000000023e+00 2.566371646130308909e-02
1.903000000000000025e+00 6.146352265446381608e-02
1.905000000000000027e+00 1.998018882442590891e-02
1.907000000000000028e+00 -8.346265805654808773e-03
1.909000000000000030e+00 -2.915075352040256626e-02
1.911000000000000032e+00 -6.325870335730102156e-02
1.913000000000000034e+00 -8.800847990904769880e-02
1.915000000000000036e+00 -1.379446275285454472e-03
1.917000000000000037e+00 -2.340168035682282585e-02
1.919000000000000039e+00 -3.800574372841334508e-02
1.921000000000000041e+00 -2.833074874186777142e-02
1.923000000000000043e+00 -7.797558373159992062e-02
1.925000000000000044e+00 -4.004444668309893596e-02
1.927000000000000046e+00 -4.268600559600992106e-02
1.929000000000000048e+00 -5.573933061012475987e-02
1.931000000000000050e+00 -9.541990952336401599e-02
1.933000000000000052e+00 -8.980705624751690597e-02
1.935000000000000053e+00 -7.340856903496940922e-02
1.937000000000000055e+00 -1.168517441734732119e-02
1.939000000000000057e+00 -1.094347627874045076e-01
1.941000000000000059e+00 -1.347213783532027476e-01
1.943000000000000060e+00 -7.905853417988233101e-02
1.945000000000000062e+00 -1.007373032388219902e-01
1.947000000000000064e+00 -3.380670017241287073e-02
1.949000000000000066e+00 -3.995212869209397756e-03
1.951000000000000068e+00 -1.125227326296315833e-01
1.953000000000000069e+00 -4.420960209773331512e-02
1.955000000000000071e+00 8.382646848272569048e-03
1.957000000000000073e+00 -5.283487538187205124e-02
1.959000000000000075e+00 -6.239367480823844458e-02
