0.1	-0.023569285982639077
0.101	-0.023546408617511783
0.10200000000000001	-0.023523392057959502
0.10300000000000001	-0.02350023632374376
0.10400000000000001	-0.023476941434626142
0.10500000000000001	-0.02345350741036817
0.10600000000000001	-0.023429934270731423
0.10700000000000001	-0.02340622203547743
0.10800000000000001	-0.023382370724367774
0.10900000000000001	-0.02335838035716392
0.11	-0.02333425095362751
0.111	-0.023309982533520124
0.112	-0.023285575116603174
0.113	-0.023261028722638355
0.114	-0.023236343371387136
0.115	-0.023211519082611154
0.116	-0.023186555876071824
0.117	-0.023161453771530838
0.11800000000000001	-0.023136212788749666
0.11900000000000001	-0.02311083294748989
0.12000000000000001	-0.023085314267513035
0.12100000000000001	-0.023059656768580683
0.122	-0.02303386047045436
0.123	-0.023007925392895645
0.124	-0.022981851555666066
0.125	-0.022955638978527204
0.126	-0.022929287681240584
0.127	-0.022902797683567788
0.128	-0.02287616900527034
0.129	-0.02284940166610977
0.13	-0.02282249568584771
0.131	-0.022795451084245633
0.132	-0.022768267881065174
0.133	-0.02274094609606775
0.134	-0.02271348574901505
0.135	-0.022685886859668603
0.136	-0.022658149447789877
0.137	-0.02263027353314051
0.138	-0.022602259135481972
0.139	-0.0225741062745759
0.14	-0.02254581497018382
0.14100000000000001	-0.02251738524206731
0.14200000000000002	-0.022488817109987846
0.14300000000000002	-0.022460110593707006
0.14400000000000002	-0.02243126571298637
0.14500000000000002	-0.02240228248758752
0.14600000000000002	-0.02237316093727193
0.14700000000000002	-0.022343901081801176
0.14800000000000002	-0.022314502940936842
0.14900000000000002	-0.022284966534440454
0.15000000000000002	-0.02225529188207359
0.15100000000000002	-0.02222547900359778
0.15200000000000002	-0.02219552791877455
0.153	-0.022165438647365532
0.154	-0.0221352112091322
0.155	-0.022104845623836133
0.156	-0.022074341911238915
0.157	-0.022043700091102014
0.158	-0.022012920183187068
0.159	-0.021982002207255602
0.16	-0.021950946183069198
0.161	-0.021919752130389325
0.162	-0.02188842006897762
0.163	-0.021856950018595556
0.164	-0.021825341999004766
0.165	-0.021793596029966722
0.166	-0.02176171213124306
0.167	-0.021729690322595252
0.168	-0.021697530623784933
0.169	-0.021665233054573574
0.17	-0.02163279763472281
0.171	-0.021600224383994115
0.17200000000000001	-0.021567513322149068
0.173	-0.02153466446894925
0.174	-0.021501677844156186
0.175	-0.02146855346753146
0.176	-0.02143529135883654
0.177	-0.021401891537833062
0.178	-0.02136835402428261
0.179	-0.021334678837946597
0.18	-0.02130086599858666
0.181	-0.02126691552596438
0.182	-0.021232827439841284
0.183	-0.021198601759978897
0.184	-0.0211642385061388
0.185	-0.021129737698082518
0.186	-0.021095099355571634
0.187	-0.021060323498367672
0.188	-0.021025410146232215
0.189	-0.020990359318926843
0.19	-0.020955171036213027
0.191	-0.020919845317852348
0.192	-0.02088438218360633
0.193	-0.020848781653236614
0.194	-0.020813043746504722
0.195	-0.020777168483172126
0.196	-0.02074115588300046
0.197	-0.02070500596575131
0.198	-0.020668718751186088
0.199	-0.020632294259066486
0.2	-0.020595732509153974
0.201	-0.020558476752530197
0.202	-0.02052108511441625
0.203	-0.02048355895135312
0.20400000000000001	-0.02044589961988197
0.20500000000000002	-0.02040810847654384
0.20600000000000002	-0.020370186877879837
0.20700000000000002	-0.020332136180431115
0.20800000000000002	-0.02029395774073872
0.20900000000000002	-0.020255652915343814
0.21000000000000002	-0.02021722306078738
0.21100000000000002	-0.020178669533610583
0.21200000000000002	-0.02013999369035452
0.21300000000000002	-0.020101196887560235
0.21400000000000002	-0.02006228048176889
0.21500000000000002	-0.020023245829521585
0.21600000000000003	-0.019984094287359366
0.21700000000000003	-0.019944827211823335
0.21800000000000003	-0.019905445959454593
0.21900000000000003	-0.019865951886794297
0.22	-0.01982634635038344
0.221	-0.019786630706763175
0.222	-0.019746806312474607
0.223	-0.01970687452405878
0.224	-0.019666836698056855
0.225	-0.019626694191009875
0.226	-0.019586448359458997
0.227	-0.019546100559945268
0.228	-0.01950565214900979
0.229	-0.019465104483193663
0.23	-0.01942445891903799
0.231	-0.019383716813083818
0.232	-0.019342879521872358
0.233	-0.019301948401944546
0.234	-0.01926092480984165
0.23500000000000001	-0.019219810102104606
0.23600000000000002	-0.019178605635274626
0.23700000000000002	-0.019137312765892756
0.23800000000000002	-0.019095932850500097
0.23900000000000002	-0.019054467245637752
0.24000000000000002	-0.01901291730784682
0.24100000000000002	-0.018971284393668353
0.24200000000000002	-0.018929569859643558
0.24300000000000002	-0.018887775062313372
0.24400000000000002	-0.018845901358219008
0.245	-0.018803950103901568
0.246	-0.01876192265590204
0.247	-0.018719820370761642
0.248	-0.01867764460502136
0.249	-0.018635396715222408
0.25	-0.018593078057905776
0.251	-0.018550850993887313
0.252	-0.018508555488868483
0.253	-0.018466192512825552
0.254	-0.01842376303573473
0.255	-0.01838126802757223
0.256	-0.0183387084583142
0.257	-0.018296085297936915
0.258	-0.018253399516416524
0.259	-0.018210652083729295
0.26	-0.018167843969851438
0.261	-0.018124976144759164
0.262	-0.018082049578428627
0.263	-0.018039065240836094
0.264	-0.017996024101957775
0.265	-0.017952927131769825
0.266	-0.01790977530024851
0.267	-0.01786656957737004
0.268	-0.01782331093311057
0.269	-0.017780000337446367
0.27	-0.01773663876035364
0.271	-0.0176932271718086
0.272	-0.017649766541787404
0.273	-0.017606257840266315
0.274	-0.017562702037221545
0.275	-0.017519100102629304
0.276	-0.017475453006465747
0.277	-0.01743176171870714
0.278	-0.017388027209329693
0.279	-0.01734425044830956
0.28	-0.017300432405623012
0.281	-0.017256574051246254
0.28200000000000003	-0.0172126763551555
0.28300000000000003	-0.0171687402873269
0.28400000000000003	-0.01712476681773678
0.28500000000000003	-0.01708075691636124
0.28600000000000003	-0.017036711553176487
0.28700000000000003	-0.016992631698158844
0.28800000000000003	-0.01694851832128441
0.28900000000000003	-0.016904372392529454
0.29000000000000004	-0.016860194881870183
0.29100000000000004	-0.01681598675928281
0.29200000000000004	-0.016771748994743485
0.29300000000000004	-0.01672748255822848
0.29400000000000004	-0.016683188419714
0.29500000000000004	-0.01663886754917626
0.29600000000000004	-0.016594520916591415
0.29700000000000004	-0.01655014949193573
0.29800000000000004	-0.01650575424518541
0.29900000000000004	-0.016461336146316674
0.30000000000000004	-0.016416896165305728
0.30100000000000005	-0.016372490588675237
0.30200000000000005	-0.01632806493704214
0.30300000000000005	-0.01628362004756978
0.30400000000000005	-0.01623915675742149
0.30500000000000005	-0.016194675903760725
0.30600000000000005	-0.01615017832375082
0.30700000000000005	-0.016105664854555113
0.30800000000000005	-0.016061136333337056
0.309	-0.01601659359725993
0.31	-0.01597203748348719
0.311	-0.015927468829182168
0.312	-0.01588288847150826
0.313	-0.015838297247628863
0.314	-0.015793695994707257
0.315	-0.015749085549906894
0.316	-0.015704466750391166
0.317	-0.015659840433323358
0.318	-0.015615207435866918
0.319	-0.015570568595185186
0.32	-0.015525924748441555
0.321	-0.01548127673279942
0.322	-0.01543662538542212
0.323	-0.015391971543472993
0.324	-0.015347316044115489
0.325	-0.015302659724512946
0.326	-0.015258003421828703
0.327	-0.01521334797322621
0.328	-0.015168694215868805
0.329	-0.015124042986919883
0.33	-0.015079395123542727
0.331	-0.015034751462900842
0.332	-0.01499011284215751
0.333	-0.014945480098476127
0.334	-0.014900854069020086
0.335	-0.014856235590952727
0.336	-0.014811625501437442
0.337	-0.014767024637637627
0.338	-0.01472243383671662
0.339	-0.014677853935837815
0.33999999999999997	-0.014633285772164606
0.34099999999999997	-0.014588730182860332
0.34199999999999997	-0.014544188005088332
0.34299999999999997	-0.01449966007601211
0.344	-0.014455147232794896
0.345	-0.014410650312600137
0.346	-0.014366170152591173
0.347	-0.014321707589931454
0.348	-0.014277263461784262
0.349	-0.014232838605312992
0.35	-0.014188433857681038
0.351	-0.014144121856752123
0.352	-0.014099831466598656
0.353	-0.014055563351993317
0.354	-0.014011318177708842
0.355	-0.013967096608518081
0.356	-0.013922899309193604
0.357	-0.013878726944508313
0.358	-0.013834580179234834
0.359	-0.013790459678145905
0.36	-0.013746366106014318
0.361	-0.013702300127612754
0.362	-0.013658262407714006
0.363	-0.01361425361109081
0.364	-0.013570274402515847
0.365	-0.013526325446761855
0.366	-0.013482407408601627
0.367	-0.013438520952807897
0.368	-0.01339466674415335
0.369	-0.013350845447410775
0.37	-0.013307057727352856
0.371	-0.013263304248752383
0.372	-0.01321958567638204
0.373	-0.013175902675014561
0.374	-0.013132255909422796
0.375	-0.013088646044379315
0.376	-0.01304507374465702
0.377	-0.01300153967502854
0.378	-0.012958044500266608
0.379	-0.012914588885144018
0.38	-0.012871173494433452
0.381	-0.012827798992907702
0.382	-0.012784466045339449
0.383	-0.012741175316501485
0.384	-0.012697927471166548
0.385	-0.012654723174107263
0.386	-0.012611563090096534
0.387	-0.012568447883906986
0.388	-0.012525378220311356
0.389	-0.012482354764082437
0.39	-0.01243937817999291
0.391	-0.012396449132815568
0.392	-0.012353568287323147
0.393	-0.012310736308288328
0.394	-0.012267953860483849
0.395	-0.012225221608682502
0.396	-0.012182540217656967
0.397	-0.012139910352180039
0.398	-0.012097332677024453
0.399	-0.01205480785696289
0.4	-0.012012336556768088
0.401	-0.011969988922025165
0.402	-0.011927695969873864
0.403	-0.011885458198266197
0.404	-0.011843276105154177
0.405	-0.011801150188489984
0.406	-0.011759080946225575
0.40700000000000003	-0.01171706887631302
0.40800000000000003	-0.01167511447670444
0.40900000000000003	-0.01163321824535185
0.41000000000000003	-0.01159138068020732
0.41100000000000003	-0.011549602279222915
0.41200000000000003	-0.01150788354035065
0.41300000000000003	-0.011466224961542648
0.41400000000000003	-0.011424627040750923
0.41500000000000004	-0.011383090275927543
0.41600000000000004	-0.011341615165024577
0.41700000000000004	-0.011300202205994037
0.41800000000000004	-0.011258851896788102
0.41900000000000004	-0.011217564735358676
0.42000000000000004	-0.011176341219657937
0.42100000000000004	-0.011135181847637898
0.42200000000000004	-0.011094087117250628
0.42300000000000004	-0.01105305752644814
0.42400000000000004	-0.011012093573182558
0.42500000000000004	-0.010971195755405894
0.42600000000000005	-0.010930364571070272
0.42700000000000005	-0.010889600518127651
0.42800000000000005	-0.01084890409453021
0.42900000000000005	-0.010808275798229905
0.43000000000000005	-0.010767716127178806
0.43100000000000005	-0.010727225579329036
0.43200000000000005	-0.010686804652632609
0.43300000000000005	-0.010646453845041592
0.43400000000000005	-0.010606173654508
0.43500000000000005	-0.01056596457898401
0.43600000000000005	-0.010525827116421582
0.43700000000000006	-0.010485761764772783
0.43800000000000006	-0.010445769021989681
0.43900000000000006	-0.010405849386024346
0.44000000000000006	-0.010366003354828845
0.44100000000000006	-0.010326231426355192
0.44200000000000006	-0.010286534098555511
0.44300000000000006	-0.010246911869381814
0.44400000000000006	-0.010207365236786226
0.44500000000000006	-0.010167894698720703
0.44600000000000006	-0.01012850075313737
0.44700000000000006	-0.010089183897988241
0.44800000000000006	-0.010049944631225438
0.44900000000000007	-0.010010783450800975
0.45000000000000007	-0.00997170085466692
0.45100000000000007	-0.009932692381966812
0.45199999999999996	-0.009893763501367059
0.45299999999999996	-0.00985491472272576
0.45399999999999996	-0.009816146555900795
0.45499999999999996	-0.009777459510750153
0.45599999999999996	-0.009738854097131822
0.45699999999999996	-0.00970033082490368
0.45799999999999996	-0.009661890203923773
0.45899999999999996	-0.009623532744050034
0.45999999999999996	-0.009585258955140397
0.46099999999999997	-0.00954706934705285
0.46199999999999997	-0.009508964429645383
0.46299999999999997	-0.009470944712775875
0.46399999999999997	-0.00943301070630237
0.46499999999999997	-0.0093951629200828
0.46599999999999997	-0.009357401863975101
0.46699999999999997	-0.009319728047837317
0.46799999999999997	-0.009282141981527325
0.469	-0.00924464417490306
0.47	-0.009207235137822622
0.471	-0.009169915380143834
0.472	-0.00913268541172474
0.473	-0.009095545742423272
0.474	-0.009058496882097367
0.475	-0.009021539340605067
0.476	-0.008984673627804252
0.477	-0.00894790025355291
0.478	-0.008911219727708974
0.479	-0.008874632560130491
0.48	-0.008838139260675337
0.481	-0.008801740339201503
0.482	-0.008765436305566976
0.483	-0.008729227669629691
0.484	-0.008693114941247637
0.485	-0.008657098630278692
0.486	-0.008621179246580957
0.487	-0.008585357300012253
0.488	-0.008549633300430626
0.489	-0.008514007757694009
0.49	-0.008478481181660391
0.491	-0.008443054082187706
0.492	-0.008407726969133889
0.493	-0.008372500352356982
0.494	-0.008337374741714865
0.495	-0.008302350647065582
0.496	-0.008267428578267011
0.497	-0.008232609045177197
0.498	-0.008197892557654018
0.499	-0.008163279625555464
0.5	-0.008128770758739523
0.501	-0.008094715972119304
0.502	-0.008060765431349814
0.503	-0.008026918807141237
0.504	-0.007993175770203753
0.505	-0.00795953599124749
0.506	-0.007925999140982631
0.507	-0.007892564890119358
0.508	-0.007859232909367797
0.509	-0.007826002869438187
0.51	-0.007792874441040654
0.511	-0.007759847294885436
0.512	-0.0077269211016826045
0.513	-0.007694095532142398
0.514	-0.007661370256974942
0.515	-0.00762874494689042
0.516	-0.007596219272599014
0.517	-0.0075637929048109065
0.518	-0.00753146551423628
0.519	-0.007499236771585205
0.52	-0.0074671063475679755
0.521	-0.0074350739128947185
0.522	-0.007403139138275561
0.523	-0.00737130169442074
0.524	-0.0073395612520403275
0.525	-0.007307917481844617
0.526	-0.007276370054543735
0.527	-0.007244918640847808
0.528	-0.00721356291146702
0.529	-0.007182302537111607
0.53	-0.007151137188491641
0.531	-0.00712006653631736
0.532	-0.007089090251298946
0.533	-0.007058208004146527
0.534	-0.007027419465570284
0.535	-0.006996724306280344
0.536	-0.006966122196986946
0.537	-0.006935612808400271
0.538	-0.006905195811230447
0.539	-0.0068748708761876
0.54	-0.006844637673981968
0.541	-0.006814495875323734
0.542	-0.006784445150923024
0.543	-0.006754485171490021
0.544	-0.006724615607734907
0.545	-0.006694836130367865
0.546	-0.006665146410099021
0.547	-0.006635546117638558
0.548	-0.006606034923696658
0.549	-0.006576612498983503
0.55	-0.0065472785142092205
0.551	-0.006517824740311873
0.552	-0.0064884592469328095
0.553	-0.006459182203941483
0.554	-0.006429993781207011
0.555	-0.00640089414859879
0.556	-0.0063718834759861065
0.557	-0.006342961933238189
0.558	-0.006314129690224324
0.559	-0.006285386916813851
0.56	-0.006256733782876056
0.561	-0.006228170458280224
0.562	-0.006199697112895586
0.5630000000000001	-0.0061713139165914255
0.5640000000000001	-0.00614302103923714
0.5650000000000001	-0.006114818650701903
0.5660000000000001	-0.006086706920855056
0.5670000000000001	-0.006058686019565884
0.5680000000000001	-0.006030756116703673
0.5690000000000001	-0.006002917382137651
0.5700000000000001	-0.0059751699857372165
0.5710000000000001	-0.005947514097371542
0.5720000000000001	-0.005919949886910025
0.5730000000000001	-0.00589247752422184
0.5740000000000001	-0.005865097179176382
0.5750000000000001	-0.005837809021642881
0.5760000000000001	-0.005810613221490568
0.5770000000000001	-0.005783509948588839
0.5780000000000001	-0.005756499372806978
0.5790000000000001	-0.005729581664014161
0.58	-0.005702756992079783
0.581	-0.005676025526873074
0.582	-0.00564938743826332
0.583	-0.005622842896119862
0.584	-0.0055963920703119285
0.585	-0.005570035130708806
0.586	-0.0055437722471798345
0.587	-0.0055176035895943
0.588	-0.005491529327821432
0.589	-0.005465549631730515
0.59	-0.005439664671190891
0.591	-0.005413874616071845
0.592	-0.005388179636242607
0.593	-0.005362579901572517
0.594	-0.005337075581930861
0.595	-0.005311666847186924
0.596	-0.005286353867209936
0.597	-0.005261136811869238
0.598	-0.005236015851034115
0.599	-0.005210991154573852
0.6	-0.0051860628923577345
0.601	-0.0051613694156270595
0.602	-0.005136772381111154
0.603	-0.005112271626911247
0.604	-0.0050878669911285646
0.605	-0.005063558311864502
0.606	-0.0050393454272202876
0.607	-0.005015228175297259
0.608	-0.004991206394196646
0.609	-0.004967279922019785
0.61	-0.004943448596867905
0.611	-0.00491971225684229
0.612	-0.004896070740044334
0.613	-0.004872523884575208
0.614	-0.004849071528536253
0.615	-0.004825713510028695
0.616	-0.00480244966715393
0.617	-0.004779279838013184
0.618	-0.004756203860707742
0.619	-0.004733221573338886
0.62	-0.0047103328140079
0.621	-0.004687537420816068
0.622	-0.004664835231864728
0.623	-0.004642226085255108
0.624	-0.004619709819088547
0.625	-0.004597286271466272
0.626	-0.004574955280489623
0.627	-0.004552716684259883
0.628	-0.00453057032087828
0.629	-0.004508516028446152
0.63	-0.004486553645064784
0.631	-0.004464683008835457
0.632	-0.0044429039578594565
0.633	-0.004421216330238065
0.634	-0.004399619964072565
0.635	-0.0043781146974642415
0.636	-0.004356700368514432
0.637	-0.0043353768153243655
0.638	-0.004314143875995324
0.639	-0.004293001388628648
0.64	-0.004271949191325564
0.641	-0.004250987122187411
0.642	-0.004230115019315472
0.643	-0.0042093327208109765
0.644	-0.0041886400647753175
0.645	-0.0041680368893096675
0.646	-0.004147523032515366
0.647	-0.0041270983324936394
0.648	-0.0041067626273458835
0.649	-0.004086515755173381
0.65	-0.0040663575540773045
0.651	-0.004046401994975746
0.652	-0.004026534509124824
0.653	-0.004006754660597522
0.654	-0.003987062013466769
0.655	-0.003967456131805491
0.656	-0.003947936579686506
0.657	-0.003928502921182853
0.658	-0.003909154720367347
0.659	-0.003889891541312973
0.66	-0.003870712948092603
0.661	-0.003851618504779164
0.662	-0.0038326077754455845
0.663	-0.0038136803241647366
0.664	-0.0037948357150096035
0.665	-0.003776073512053113
0.666	-0.003757393279368082
0.667	-0.0037387945810274936
0.668	-0.0037202769811042202
0.669	-0.003701840043671245
0.67	-0.0036834833328014405
0.671	-0.003665206412567734
0.672	-0.0036470088470429984
0.673	-0.0036288902003002166
0.674	-0.003610850036412261
0.675	-0.003592887919452059
0.676	-0.003575003413492539
0.6769999999999999	-0.003557196082606573
0.6779999999999999	-0.003539465490867144
0.6789999999999999	-0.003521811202347125
0.6799999999999999	-0.003504232781119443
0.6809999999999999	-0.0034867297912569706
0.6819999999999999	-0.003469301796832691
0.6829999999999999	-0.0034519483619195324
0.6839999999999999	-0.003434669050590311
0.6849999999999999	-0.0034174634269180104
0.6859999999999999	-0.0034003310549755583
0.6869999999999999	-0.003383271498835827
0.688	-0.0033662843225717443
0.689	-0.003349369090256238
0.69	-0.0033325253659622356
0.691	-0.0033157527137626097
0.692	-0.0032990506977303435
0.693	-0.003282418881938254
0.694	-0.0032658568304593794
0.695	-0.003249364107366537
0.696	-0.0032329402767326543
0.697	-0.0032165849026307147
0.698	-0.0032002975491335905
0.699	-0.003184077780314154
0.7	-0.0031679251602453884
0.701	-0.0031516027182422746
0.702	-0.003135347121046239
0.703	-0.0031191585006407063
0.704	-0.003103036989009267
0.705	-0.0030869827181354004
0.706	-0.0030709958200025866
0.707	-0.0030550764265943053
0.708	-0.0030392246698940917
0.709	-0.00302344068188537
0.71	-0.003007724594551786
0.711	-0.002992076539876709
0.712	-0.002976496649843674
0.713	-0.0029609850564361606
0.714	-0.002945541891637704
0.715	-0.0029301672874318396
0.716	-0.0029148613758019914
0.717	-0.0028996242887316392
0.718	-0.0028844561582043737
0.719	-0.0028693571162036746
0.72	-0.002854327294712966
0.721	-0.0028393668257157834
0.722	-0.0028244758411956616
0.723	-0.0028096544731360806
0.724	-0.00279490285352052
0.725	-0.0027802211143324596
0.726	-0.00276560938755549
0.727	-0.0027510678051729798
0.728	-0.0027365964991685754
0.729	-0.0027221956015256454
0.73	-0.002707865244227725
0.731	-0.002693605559258405
0.732	-0.0026794166786010543
0.733	-0.0026652987342392076
0.734	-0.0026512518581564004
0.735	-0.0026372761823361124
0.736	-0.0026233718387618787
0.737	-0.0026095389594171237
0.738	-0.0025957776762853824
0.739	-0.00258208812135019
0.74	-0.002568470426594971
0.741	-0.0025549247240033157
0.742	-0.002541451145558593
0.743	-0.0025280498232444493
0.744	-0.0025147208890443085
0.745	-0.0025014644749416504
0.746	-0.00248828071292001
0.747	-0.0024751697349628676
0.748	-0.0024621316730537024
0.749	-0.0024491666591760497
0.75	-0.0024362748253134447
0.751	-0.0024236994715258198
0.752	-0.0024111969778832787
0.753	-0.002398766892532378
0.754	-0.0023864087636197295
0.755	-0.00237412213929189
0.756	-0.002361906567695471
0.757	-0.002349761596977029
0.758	-0.002337686775283121
0.759	-0.002325681650760414
0.76	-0.0023137457715553533
0.761	-0.0023018786858146623
0.762	-0.0022900799416848416
0.763	-0.0022783490873125034
0.764	-0.002266685670844204
0.765	-0.0022550892404265
0.766	-0.002243559344206003
0.767	-0.0022320955303293255
0.768	-0.0022206973469430236
0.769	-0.0022093643421936537
0.77	-0.002198096064227828
0.771	-0.0021868920611921028
0.772	-0.0021757518812330345
0.773	-0.0021646750724972907
0.774	-0.0021536611831313723
0.775	-0.0021427097612818358
0.776	-0.002131820355095404
0.777	-0.0021209925127185225
0.778	-0.0021102257822978032
0.779	-0.0020995197119798026
0.78	-0.002088873849911188
0.781	-0.002078287744238516
0.782	-0.0020677609431082877
0.783	-0.002057292994667115
0.784	-0.002046883447061665
0.785	-0.002036531848438383
0.786	-0.0020262377469439374
0.787	-0.0020160006907249395
0.788	-0.0020058202279278903
0.789	-0.0019956959066993463
0.79	-0.0019856272751860304
0.791	-0.0019756138815343327
0.792	-0.0019656552738910316
0.793	-0.0019557510004025724
0.794	-0.0019459006092155673
0.795	-0.0019361036484765726
0.796	-0.0019263596663322557
0.797	-0.0019166682109290623
0.798	-0.001907028830413715
0.799	-0.0018974410729327151
0.8	-0.0018879044866326744
0.801	-0.001878327151661363
0.802	-0.0018688003037751755
0.803	-0.0018593237107317195
0.8039999999999999	-0.0018498971402887143
0.8049999999999999	-0.0018405203602037123
0.8059999999999999	-0.0018311931382343216
0.8069999999999999	-0.0018219152421381501
0.8079999999999999	-0.001812686439672917
0.8089999999999999	-0.0018035064985961746
0.8099999999999999	-0.001794375186665531
0.8109999999999999	-0.00178529227163865
0.8119999999999999	-0.001776257521273139
0.813	-0.0017672707033266066
0.814	-0.0017583315855566606
0.815	-0.0017494399357209645
0.816	-0.0017405955215771263
0.817	-0.001731798110882754
0.818	-0.0017230474713954558
0.819	-0.001714343370872895
0.82	-0.0017056855770727353
0.821	-0.0016970738577524735
0.822	-0.0016885079806697734
0.823	-0.0016799877135823538
0.824	-0.0016715128242477117
0.825	-0.0016630830804235108
0.826	-0.0016546982498674145
0.827	-0.001646358100337031
0.828	-0.0016380623995899124
0.829	-0.001629810915383778
0.83	-0.0016216034154761805
0.831	-0.001613439667624783
0.832	-0.0016053194395871384
0.833	-0.0015972424991209655
0.834	-0.0015892086139838724
0.835	-0.0015812175519334115
0.836	-0.0015732690807272465
0.837	-0.0015653629681229853
0.838	-0.0015574989818782914
0.839	-0.0015496768897507174
0.84	-0.0015418964594979268
0.841	-0.001534157458877583
0.842	-0.0015264596556472387
0.843	-0.0015188028175645019
0.844	-0.0015111867123870915
0.845	-0.00150361110787256
0.846	-0.0014960757717785156
0.847	-0.0014885804718626217
0.848	-0.0014811249758824863
0.849	-0.0014737090515957174
0.85	-0.0014663324667599786
0.851	-0.0014589867843214366
0.852	-0.0014516799965485494
0.853	-0.0014444118908983894
0.854	-0.0014371822548279733
0.855	-0.001429990875794429
0.856	-0.0014228375412547178
0.857	-0.001415722038665912
0.858	-0.0014086441554851392
0.859	-0.0014016036791693054
0.86	-0.0013946003971755938
0.861	-0.0013876340969609657
0.862	-0.0013807045659824935
0.863	-0.0013738115916972493
0.864	-0.00136695496156225
0.865	-0.001360134463034568
0.866	-0.0013533498835712754
0.867	-0.001346601010629389
0.868	-0.0013398876316659258
0.869	-0.0013332095341380135
0.87	-0.0013265665055026132
0.871	-0.001319958333216853
0.872	-0.001313384804737694
0.873	-0.0013068457075223194
0.874	-0.0013003408290276353
0.875	-0.0012938699567107692
0.876	-0.001287432878028738
0.877	-0.0012810293804386697
0.878	-0.0012746592513975252
0.879	-0.0012683222783623216
0.88	-0.001262018248790242
0.881	-0.0012557469501382479
0.882	-0.0012495081698633559
0.883	-0.0012433016954226939
0.884	-0.0012371273142732786
0.885	-0.0012309848138721269
0.886	-0.0012248739816763665
0.887	-0.0012187946051429588
0.888	-0.001212746471728976
0.889	-0.001206729368891546
0.89	-0.0012007430840876299
0.891	-0.0011947874047743001
0.892	-0.0011888621184085735
0.893	-0.0011829670124475777
0.894	-0.0011771018743483297
0.895	-0.0011712664915678461
0.896	-0.0011654606515631993
0.897	-0.0011596841417914061
0.898	-0.0011539367497095943
0.899	-0.001148218262774725
0.9	-0.0011425284684439263
0.901	-0.0011369088919874204
0.902	-0.001131317482838179
0.903	-0.0011257539282424345
0.904	-0.0011202179154464198
0.905	-0.0011147091316963675
0.906	-0.0011092272642383993
0.907	-0.001103772000318859
0.908	-0.001098343027183868
0.909	-0.001092940032079659
0.91	-0.0010875627022524093
0.911	-0.0010822107249484625
0.912	-0.0010768837874138848
0.913	-0.0010715815768949088
0.914	-0.0010663037806378228
0.915	-0.001061050085888804
0.916	-0.0010558201798940847
0.917	-0.0010506137498998425
0.918	-0.0010454304831523098
0.919	-0.0010402700668976639
0.92	-0.001035132188382193
0.921	-0.0010300165348520185
0.922	-0.0010249227935534289
0.923	-0.0010198506517326011
0.924	-0.001014799796635768
0.925	-0.0010097699155091067
0.926	-0.0010047606955988497
0.927	-0.00099977182415123
0.928	-0.0009948029884124798
0.929	-0.0009898538756287212
0.93	-0.0009849241730462421
0.931	-0.0009800135679112754
0.932	-0.0009751217474699425
0.9329999999999999	-0.0009702483989685873
0.9339999999999999	-0.0009653932096532758
0.9349999999999999	-0.0009605558667702963
0.9359999999999999	-0.0009557360575658813
0.9369999999999999	-0.0009509334692862081
0.938	-0.0009461477891775094
0.939	-0.0009413787044860178
0.94	-0.0009366259024578549
0.941	-0.0009318890703393645
0.942	-0.0009271678953766682
0.943	-0.0009224620648159987
0.944	-0.0009177712659035331
0.945	-0.0009130951858856151
0.946	-0.0009084335120083109
0.947	-0.0009037859315179086
0.948	-0.0008991521316605855
0.949	-0.0008945317996825741
0.95	-0.0008899246228301072
0.951	-0.0008851167611767519
0.952	-0.0008803219418116459
0.953	-0.0008755403646512616
0.954	-0.0008707722296120712
0.955	-0.0008660177366106581
0.956	-0.0008612770855634388
0.957	-0.0008565504763868859
0.958	-0.0008518381089975824
0.959	-0.0008471401833120007
0.96	-0.000842456899246613
0.961	-0.0008377884567178917
0.962	-0.0008331350556423645
0.963	-0.0008284968959365036
0.964	-0.0008238741775168368
0.965	-0.0008192671002998364
0.966	-0.0008146758642020302
0.967	-0.0008101006691398904
0.968	-0.0008055417150298894
0.969	-0.0008009992017885548
0.97	-0.0007964733293323589
0.971	-0.0007919642975778296
0.972	-0.0007874723064414391
0.973	-0.0007829975558396596
0.974	-0.0007785402456890744
0.975	-0.0007741005759061004
0.976	-0.0007696787464072097
0.977	-0.0007652749571089856
0.978	-0.000760889407927845
0.979	-0.000756522298780371
0.98	-0.000752173829582925
0.981	-0.0007478442002521457
0.982	-0.0007435336107044499
0.983	-0.0007392422608563654
0.984	-0.0007349703506243088
0.985	-0.0007307180799249191
0.986	-0.0007264856486745574
0.987	-0.0007222732567898071
0.988	-0.0007180811041870849
0.989	-0.0007139093907829741
0.99	-0.0007097583164938914
0.991	-0.0007056280812363647
0.992	-0.0007015188849269216
0.993	-0.0006974309274820345
0.994	-0.0006933644088181201
0.995	-0.0006893195288518172
0.996	-0.0006852964874995426
0.997	-0.0006812954846777686
0.998	-0.0006773167203030783
0.999	-0.0006733603942918331
1.	-0.0006694267065606718
1.0010000000000001	-0.000665696949270489
1.002	-0.0006619897952979681
1.0030000000000001	-0.0006583050097643817
1.004	-0.0006546423577908356
1.0050000000000001	-0.0006510016044986022
1.006	-0.000647382515008843
1.0070000000000001	-0.0006437848544427194
1.008	-0.0006402083879215037
1.0090000000000001	-0.0006366528805662464
1.01	-0.0006331180974982753
1.0110000000000001	-0.0006296038038386964
1.012	-0.0006261097647087266
1.0130000000000001	-0.0006226357452295828
1.014	-0.0006191815105223708
1.0150000000000001	-0.0006157468257084187
1.016	-0.0006123314559087767
1.0170000000000001	-0.0006089351662447173
1.018	-0.0006055577218374575
1.0190000000000001	-0.000602198887808103
1.02	-0.0005988584292778709
1.0210000000000001	-0.000595536111367978
1.022	-0.0005922316991996412
1.0230000000000001	-0.0005889449578939665
1.024	-0.0005856756525722262
1.0250000000000001	-0.0005824235483555817
1.026	-0.0005791884103651945
1.0270000000000001	-0.000575970003722226
1.028	-0.000572768093548004
1.0290000000000001	-0.0005695824449635789
1.03	-0.0005664128230902232
1.0310000000000001	-0.0005632589930490983
1.032	-0.0005601207199614211
1.0330000000000001	-0.000556997768948353
1.034	-0.0005538899051310553
1.0350000000000001	-0.000550796893630745
1.036	-0.0005477184995686946
1.0370000000000001	-0.0005446544880659543
1.038	-0.0005416046242437966
1.0390000000000001	-0.0005385686732234385
1.04	-0.0005355464001259858
1.0410000000000001	-0.0005325375700726553
1.042	-0.0005295419481847197
1.0430000000000001	-0.0005265592995832291
1.044	-0.0005235893893895116
1.0450000000000002	-0.000520631982724673
1.046	-0.0005176868447099303
1.0470000000000002	-0.0005147537404665004
1.048	-0.0005118324351155445
1.0490000000000002	-0.0005089226937782243
1.05	-0.0005060242815757565
1.0510000000000002	-0.0005030601243616872
1.052	-0.0005001070110128847
1.0530000000000002	-0.0004971648911385462
1.054	-0.0004942337143479802
1.0550000000000002	-0.0004913134302503841
1.056	-0.0004884039884549551
1.0570000000000002	-0.00048550533857100175
1.058	-0.0004826174302076103
1.0590000000000002	-0.0004797402129741446
1.06	-0.00047687363647974657
1.061	-0.00047401765033372456
1.062	-0.00047117220414522043
1.063	-0.00046833724752348704
1.064	-0.0004655127300778328
1.065	-0.000462698601417344
1.066	-0.00045989481115138453
1.067	-0.0004571013088890963
1.068	-0.0004543180442397876
1.069	-0.00045154496681260037
1.07	-0.0004487820262167874
1.071	-0.00044602917206154613
1.072	-0.0004432863539562404
1.073	-0.0004405535215099565
1.074	-0.0004378306243319474
1.075	-0.00043511761203152144
1.076	-0.00043241443421776493
1.077	-0.0004297210405000418
1.078	-0.00042703738048754936
1.079	-0.000424363403789485
1.08	-0.0004216990600151016
1.081	-0.0004190442987735965
1.082	-0.0004163990696742226
1.083	-0.0004137633223261772
1.084	-0.0004111370063387132
1.085	-0.0004085200713210835
1.086	-0.0004059124668824854
1.087	-0.0004033141426321163
1.088	-0.00040072504817928456
1.089	-0.00039814513313318756
1.09	-0.00039557434710302264
1.091	-0.0003930126396980427
1.092	-0.000390459960527445
1.093	-0.00038791625920048256
1.094	-0.00038538148532640815
1.095	-0.00038285558851441914
1.096	-0.0003803385183737684
1.097	-0.0003778302245135978
1.098	-0.00037533065654327125
1.099	-0.00037283976407193054
1.1	-0.00037035749670882856
1.1010000000000002	-0.00036787378465885645
1.102	-0.00036539862099171927
1.1030000000000002	-0.00036293197937292687
1.104	-0.0003604738334678781
1.1050000000000002	-0.00035802415694191625
1.106	-0.0003555829234605512
1.1070000000000002	-0.0003531501066891818
1.108	-0.00035072568029320683
1.1090000000000002	-0.0003483096179380807
1.11	-0.0003459018932892022
1.1110000000000002	-0.00034350248001202566
1.112	-0.00034111135177189444
1.1130000000000002	-0.0003387284822343184
1.114	-0.00033635384506464083
1.1150000000000002	-0.0003339874139283716
1.116	-0.00033162916249085406
1.1170000000000002	-0.0003292790644175425
1.118	-0.0003269370933738358
1.1190000000000002	-0.0003246032230251883
1.12	-0.0003222774270369988
1.1210000000000002	-0.00031995967907472167
1.122	-0.00031764995280370023
1.1230000000000002	-0.00031534822188944434
1.124	-0.0003130544599973528
1.125	-0.000310768640792769
1.1260000000000001	-0.00030849073794125825
1.127	-0.0003062207251081084
1.1280000000000001	-0.00030395857595877374
1.129	-0.00030170426415876417
1.1300000000000001	-0.0002994577633733675
1.131	-0.00029721904726809356
1.1320000000000001	-0.0002949880895083412
1.133	-0.0002927648637595093
1.1340000000000001	-0.0002905493436871076
1.135	-0.000288341502956424
1.1360000000000001	-0.0002861413152329684
1.137	-0.000283948754182084
1.1380000000000001	-0.0002817637934693362
1.139	-0.0002795864067599574
1.1400000000000001	-0.00027741656771956835
1.141	-0.0002752542500134014
1.1420000000000001	-0.00027309942730702197
1.143	-0.0002709520732657733
1.1440000000000001	-0.0002688121615551098
1.145	-0.00026667966584043024
1.1460000000000001	-0.0002645545597871335
1.147	-0.0002624368170607294
1.1480000000000001	-0.0002603264113265613
1.149	-0.00025822331625008355
1.1500000000000001	-0.00025612750549669494
1.151	-0.00025403565398535166
1.1520000000000001	-0.00025195104204805974
1.153	-0.00024987365127049355
1.1540000000000001	-0.00024780346323821645
1.155	-0.0002457404595367363
1.1560000000000001	-0.00024368462175172745
1.157	-0.00024163593146869777
1.1580000000000001	-0.00023959437027321062
1.159	-0.00023755991975094037
1.1600000000000001	-0.0002355325614874504
1.161	-0.0002335122770682485
1.1620000000000001	-0.0002314990480789536
1.163	-0.00022949285610518455
1.1640000000000001	-0.0002274936827324492
1.165	-0.00022550150954636639
1.1660000000000001	-0.00022351631813255501
1.167	-0.00022153809007652292
1.1680000000000001	-0.00021956680696394448
1.169	-0.00021760245038027204
1.1700000000000002	-0.00021564500191117997
1.171	-0.00021369444314228714
1.1720000000000002	-0.00021175075565904589
1.173	-0.0002098139210471306
1.1740000000000002	-0.0002078839208921046
1.175	-0.0002059607367794758
1.1760000000000002	-0.00020404435029497403
1.177	-0.00020213474302405166
1.1780000000000002	-0.00020023189655232754
1.179	-0.00019833579246542055
1.1800000000000002	-0.00019644641234889404
1.181	-0.00019456373778825586
1.1820000000000002	-0.0001926877503691804
1.183	-0.000190818431677231
1.1840000000000002	-0.00018895576329791552
1.185	-0.00018709972681690834
1.1860000000000002	-0.0001852503038197728
1.187	-0.00018340747589201678
1.1880000000000002	-0.00018157122461931463
1.189	-0.00017974153158722972
1.1900000000000002	-0.0001779183783812699
1.191	-0.00017610174658710953
1.1920000000000002	-0.00017429161779025648
1.193	-0.0001724879735763296
1.1940000000000002	-0.00017069079553089228
1.195	-0.00016890006523950785
1.1960000000000002	-0.00016711576428779518
1.197	-0.00016533787426137314
1.1980000000000002	-0.0001635663767457496
1.199	-0.00016180125332648787
1.2000000000000002	-0.00016004248558926237
1.201	-0.0001582828650181778
1.2020000000000002	-0.0001565295805633915
1.203	-0.00015478263107360224
1.2040000000000002	-0.00015304201539761975
1.205	-0.00015130773238408723
1.2060000000000002	-0.00014957978088175894
1.207	-0.0001478581597393891
1.2080000000000002	-0.00014614286780567642
1.209	-0.00014443390392937516
1.2100000000000002	-0.00014273126695918403
1.211	-0.00014103495574385727
1.2120000000000002	-0.0001393449691321491
1.213	-0.00013766130597275827
1.2140000000000002	-0.0001359839651143835
1.215	-0.00013431294540577898
1.2160000000000002	-0.000132648245695699
1.217	-0.00013098986483284225
1.2180000000000002	-0.00012933780166596298
1.219	-0.00012769205504381542
1.2200000000000002	-0.00012605262381504279
1.221	-0.00012441950682845482
1.2220000000000002	-0.00012279270293269473
1.223	-0.00012117221097662778
1.2240000000000002	-0.00011955802980884167
1.225	-0.00011795015827814614
1.2260000000000002	-0.00011634859523323993
1.227	-0.00011475333952287725
1.2280000000000002	-0.00011316438999575684
1.229	-0.00011158174550068845
1.2300000000000002	-0.00011000540488625976
1.231	-0.00010843536700133605
1.2320000000000002	-0.00010687163069456052
1.233	-0.0001053141948146874
1.2340000000000002	-0.00010376305821047094
1.235	-0.00010221821973060985
1.2360000000000002	-0.00010067967822385837
1.237	-0.00009914743253891523
1.2380000000000002	-0.00009762148152453465
1.239	-0.00009610182402947087
1.2400000000000002	-0.00009458845890236711
1.241	-0.00009308138499203311
1.2420000000000002	-0.0000915806011471676
1.243	-0.00009008610621646929
1.2440000000000002	-0.00008859789904874793
1.245	-0.00008711597849270225
1.2460000000000002	-0.00008564034339703097
1.247	-0.00008417099261043282
1.2480000000000002	-0.00008270792498171753
1.249	-0.00008125113935958383
1.2500000000000002	-0.00007980063459278597
1.2510000000000001	-0.000078268897705569
1.2520000000000002	-0.00007674364948356827
1.2530000000000001	-0.00007522509888790996
1.254	-0.00007371345487977576
1.2550000000000001	-0.00007220892642023635
1.256	-0.00007071172247052893
1.2570000000000001	-0.00006922205199177967
1.258	-0.00006774012394517026
1.2590000000000001	-0.00006626614729177138
1.26	-0.00006480033099282023
1.2610000000000001	-0.00006334288400944299
1.262	-0.00006189401530276584
1.2630000000000001	-0.00006045393383391495
1.264	-0.00005902284856418305
1.2650000000000001	-0.00005760096845458529
1.266	-0.00005618850246630336
1.2670000000000001	-0.00005478565956051895
1.268	-0.00005339264869841376
1.2690000000000001	-0.00005200967884105845
1.27	-0.000050636958949690225
1.2710000000000001	-0.000049274697985379756
1.272	-0.000047923104909308734
1.2730000000000001	-0.00004658238868271436
1.274	-0.00004525275826661179
1.2750000000000001	-0.000043934422622238234
1.276	-0.000042627590710719865
1.2770000000000001	-0.000041332471493238376
1.278	-0.00004004927393091995
1.2790000000000001	-0.00003877820698489076
1.28	-0.00003751947961638802
1.2810000000000001	-0.00003627330078648239
1.282	-0.00003503987945641107
1.2830000000000001	-0.00003381942458718923
1.284	-0.00003261214514010957
1.2850000000000001	-0.00003141825007624277
1.286	-0.000030237948356826028
1.2870000000000001	-0.00002907144894293001
1.288	-0.000027918960795680903
1.2890000000000001	-0.000026780692876371415
1.29	-0.000025656854146016705
1.2910000000000001	-0.000024547653565798466
1.292	-0.0000234533000969539
1.2930000000000001	-0.000022374002700498163
1.294	-0.00002130997033772397
1.2950000000000002	-0.000020261411969701992
1.296	-0.000019228536557613918
1.2970000000000002	-0.000018211553062585928
1.298	-0.000017210670445799714
1.2990000000000002	-0.000016226097668381456
1.3	-0.000015258043691512846
1.3010000000000002	-0.000014570220996545924
1.302	-0.000013898702362902249
1.3030000000000002	-0.00001324306409022924
1.304	-0.000012602882478118804
1.3050000000000002	-0.000011977733826329384
1.306	-0.000011367194434397376
1.3070000000000002	-0.0000107708406019702
1.308	-0.000010188248628750785
1.3090000000000002	-9.618994814331039e-6
1.31	-9.062655458358382e-6
1.3110000000000002	-8.518806860480233e-6
1.312	-7.987025320288499e-6
1.3130000000000002	-7.466887137486111e-6
1.314	-6.957968611720489e-6
1.3150000000000002	-6.459846042583539e-6
1.316	-5.972095729778193e-6
1.3170000000000002	-5.494293972840847e-6
1.318	-5.026017071474431e-6
1.3190000000000002	-4.566841325326365e-6
1.32	-4.116343034044068e-6
1.3210000000000002	-3.674098497274958e-6
1.322	-3.239684014555433e-6
1.3230000000000002	-2.8126758856439338e-6
1.324	-2.39265041018788e-6
1.3250000000000002	-1.979183887723668e-6
1.326	-1.571852617954228e-6
1.3270000000000002	-1.1702329005269796e-6
1.328	-7.739010350338305e-7
1.3290000000000002	-3.824333211777109e-7
1.33	4.593941449471117e-9
1.3310000000000002	3.8760445320029646e-7
1.332	7.670219143718349e-7
1.3330000000000002	1.1432700254276895e-6
1.334	1.516772486609419e-6
1.3350000000000002	1.8879529984361376e-6
1.336	2.257235261093893e-6
1.3370000000000002	2.625042975101799e-6
1.338	2.9917998407014146e-6
1.3390000000000002	3.3579295582453206e-6
1.34	3.72385582819712e-6
1.3410000000000002	4.090002350853883e-6
1.342	4.456792826623701e-6
1.3430000000000002	4.824650955748133e-6
1.344	5.1940004387462935e-6
1.3450000000000002	5.5652649758597406e-6
1.346	5.9388682674965665e-6
1.3470000000000002	6.315234013953841e-6
1.348	6.694785915695167e-6
1.3490000000000002	7.077947673073126e-6
1.35	7.465142986329276e-6
1.3510000000000002	8.294894997040725e-6
1.352	9.128476105013661e-6
1.3530000000000002	9.965258151223289e-6
1.354	0.000010804612976644812
1.3550000000000002	0.000011645912422197924
1.356	0.000012488528328857829
1.3570000000000002	0.00001333183253754422
1.358	0.000014175196889287811
1.3590000000000002	0.000015017993224952786
1.36	0.00001585959338562537
1.3610000000000002	0.000016699369212114235
1.362	0.000017536692545505606
1.3630000000000002	0.000018370935226663665
1.364	0.000019201469096619128
1.3650000000000002	0.000020027665996291688
1.366	0.000020848897766601038
1.3670000000000002	0.000021664536248577893
1.368	0.000022473953283197456
1.3690000000000002	0.0000232765207112684
1.37	0.00002407161037393246
1.3710000000000002	0.00002485859411199831
1.372	0.000025636843766552175
1.3730000000000002	0.000026405731178458236
1.374	0.000027164628188691697
1.3750000000000002	0.000027912906638227764
1.3760000000000001	0.00002864993836804164
1.3770000000000002	0.000029375095219053016
1.3780000000000001	0.0000300877490322371
1.3790000000000002	0.00003078727164851358
1.3800000000000001	0.00003147303490891318
1.381	0.00003214441065435558
1.3820000000000001	0.000032800770725816
1.383	0.00003344148696421412
1.3840000000000001	0.000034065931210525147
1.385	0.00003467347530566878
1.3860000000000001	0.000035263491090731236
1.387	0.000035835350406521194
1.3880000000000001	0.000036388425094069365
1.389	0.000036922086994295444
1.3900000000000001	0.000037435707948230146
1.391	0.00003792865979679316
1.3920000000000001	0.00003840031438090419
1.393	0.000038850043541538426
1.3940000000000001	0.00003927721911967108
1.395	0.000039681212956277356
1.3960000000000001	0.000040061396892276946
1.397	0.000040417142768645054
1.3980000000000001	0.00004074782242630137
1.399	0.00004105280770627662
1.4000000000000001	0.00004133147044949048
1.401	0.00004097481849552054
1.4020000000000001	0.00004059204834450103
1.403	0.00004018399249539062
1.4040000000000001	0.00003975148344692592
1.405	0.00003929535369795456
1.4060000000000001	0.000038816435747324185
1.407	0.000038315562093826916
1.4080000000000001	0.00003779356523625488
1.409	0.00003725127767351122
1.4100000000000001	0.00003668953190433255
1.411	0.00003610916042762202
1.4120000000000001	0.00003551099574217176
1.413	0.000034895870346829394
1.4140000000000001	0.000034264616740387055
1.415	0.00003361806742169238
1.4160000000000001	0.000032957054889481974
1.417	0.000032282411642714504
1.4180000000000001	0.00003159497018012658
1.419	0.00003089556300062135
1.4200000000000002	0.00003018502260293543
1.421	0.000029464181485916452
1.4220000000000002	0.000028733872148412054
1.423	0.00002799492708921436
1.4240000000000002	0.00002724817880717101
1.425	0.000026494459801129633
1.4260000000000002	0.00002573460256988236
1.427	0.00002496943961222131
1.4280000000000002	0.000024199803427049638
1.429	0.000023426526513159462
1.4300000000000002	0.0000226504413692874
1.431	0.000021872380494392107
1.4320000000000002	0.00002109317638726571
1.433	0.000020313661546644823
1.4340000000000002	0.000019534668471488104
1.435	0.000018757029660476654
1.4360000000000002	0.000017981577612513622
1.437	0.000017209144826446643
1.4380000000000002	0.000016440563801067842
1.439	0.000015676667035224856
1.4400000000000002	0.000014918287027654298
1.441	0.000014166256277259315
1.4420000000000002	0.000013421407282887543
1.443	0.000012684572543275596
1.4440000000000002	0.000011956584557326622
1.445	0.000011238275823832744
1.4460000000000002	0.0000105304788416416
1.447	9.834026109545313e-6
1.4480000000000002	9.14975012633601e-6
1.449	8.478483390916836e-6
1.4500000000000002	7.821058402079917e-6
1.451	7.178307658617378e-6
1.4520000000000002	6.551063659432366e-6
1.453	5.940158903261494e-6
1.4540000000000002	5.3464258889524e-6
1.455	4.770697115352718e-6
1.4560000000000002	4.213805081310085e-6
1.457	3.676582285561114e-6
1.4580000000000002	3.1598612270089532e-6
1.459	2.664474404445727e-6
1.4600000000000002	2.1912543167190712e-6
1.461	1.741033462621111e-6
1.4620000000000002	1.3146443409994824e-6
1.463	9.129194506463101e-7
1.4640000000000002	5.366912904092302e-7
1.465	1.8679235913587888e-7
1.4660000000000002	-1.3594484438161913e-7
1.467	-4.3068782129562777e-7
1.4680000000000002	-6.966040728140221e-7
1.469	-9.328611001446774e-7
1.4700000000000002	-1.1386264043289351e-6
1.471	-1.3130674866856928e-6
1.4720000000000002	-1.4553518483118033e-6
1.473	-1.5646469904151417e-6
1.4740000000000002	-1.6401204141480719e-6
1.475	-1.680939620718469e-6
1.4760000000000002	-1.6862721112786971e-6
1.477	-1.6552853869811202e-6
1.4780000000000002	-1.5871469490336132e-6
1.479	-1.4810242986440514e-6
1.4800000000000002	-1.3360849369647987e-6
1.481	-1.151496365092708e-6
1.4820000000000002	-9.264260843466765e-7
1.483	-6.600415957680461e-7
1.4840000000000002	-3.51510400620203e-7
1.485	0.